1 263655860
2 25898857
3 6292868
4 2669337
5 1474466
6 931524
7 640732
8 473581
9 374545
10 321565
11 300732
12 314669
13 364276
14 472719
15 655173
16 948919
17 1389028
18 2007459
19 2849352
20 3941325
21 5267877
22 6814958
23 8535467
24 10349392
25 12156485
26 13836346
27 15283102
28 16360318
29 17035800
30 17263676
31 17035107
32 16378700
33 15347622
34 14054369
35 12560840
36 10987566
37 9408143
38 7886326
39 6489373
40 5261050
41 4210250
42 3333024
43 2632117
44 2091266
45 1689023
46 1411027
47 1238929
48 1142809
49 1118602
50 1145079
51 1207513
52 1295288
53 1398295
54 1512776
55 1628437
56 1733233
57 1827317
58 1902889
59 1966973
60 2002641
61 2017083
62 2008536
63 1975880
64 1921794
65 1853723
66 1768315
67 1668197
68 1561876
69 1448854
70 1335239
71 1226408
72 1114792
73 1016033
74 922898
75 839638
76 768270
77 705731
78 656758
79 617783
80 588441
81 565944
82 550604
83 543833
84 541391
85 543300
86 548251
87 554128
88 559801
89 564222
90 568086
91 568941
92 570180
93 568331
94 563785
95 557205
96 550175
97 536522
98 520748
99 504071
100 486880
101 468343
102 449029
103 429178
104 410523
105 392405
106 375994
107 357675
108 344341
109 330819
110 319390
111 307725
112 298052
113 290655
114 282931
115 278348
116 274381
117 270253
118 267571
119 266413
120 263051
121 259823
122 258629
123 257362
124 254638
125 252508
126 249173
127 246085
128 242875
129 238866
130 233973
131 229859
132 224480
133 219654
134 214525
135 208601
136 203959
137 199095
138 194632
139 189863
140 185335
141 180077
142 176298
143 171955
144 167885
145 164848
146 161323
147 158949
148 156112
149 154799
150 151715
151 150756
152 148299
153 146299
154 144348
155 142379
156 140337
157 139210
158 138092
159 136387
160 134165
161 132445
162 129950
163 128664
164 126909
165 124746
166 123410
167 120436
168 118893
169 116705
170 115022
171 113028
172 110827
173 108620
174 107454
175 106356
176 103546
177 102768
178 100833
179 99529
180 97859
181 96330
182 95270
183 93446
184 92660
185 91493
186 90792
187 89640
188 88658
189 87530
190 86449
191 84958
192 83834
193 83320
194 82291
195 81540
196 80912
197 79852
198 78512
199 77582
200 76576
201 75937
202 74542
203 73789
204 72657
205 71640
206 71141
207 69604
208 68923
209 68289
210 67128
211 66658
212 65830
213 65007
214 64553
215 63304
216 62434
217 61795
218 60873
219 60467
220 59746
221 59353
222 58606
223 57895
224 57325
225 56839
226 56230
227 55579
228 55506
229 54537
230 54324
231 53104
232 53093
233 51995
234 51666
235 50899
236 51060
237 50464
238 49158
239 48961
240 48324
241 47980
242 47638
243 47157
244 46442
245 46090
246 45346
247 44880
248 44785
249 44573
250 44080
251 43983
252 43446
253 42615
254 42063
255 41818
256 41664
257 40860
258 40862
259 40460
260 39879
261 39591
262 38886
263 38941
264 38334
265 38191
266 38189
267 37661
268 37209
269 37193
270 36541
271 36429
272 36077
273 35700
274 35526
275 35099
276 34945
277 34430
278 34028
279 33441
280 33412
281 33191
282 33156
283 32360
284 32217
285 32061
286 31930
287 31152
288 31153
289 31074
290 30742
291 30213
292 30232
293 29960
294 30039
295 29634
296 29503
297 28870
298 29054
299 28801
300 28493
301 27979
302 28013
303 27859
304 27312
305 27269
306 27107
307 26585
308 26276
309 26319
310 25885
311 25811
312 25787
313 25381
314 24940
315 25222
316 25060
317 24993
318 24730
319 24398
320 24246
321 24222
322 23940
323 23909
324 23491
325 23395
326 23240
327 22909
328 22671
329 22719
330 22897
331 22626
332 22146
333 22091
334 21860
335 21954
336 21655
337 21435
338 21465
339 21190
340 20787
341 20820
342 20785
343 20665
344 20138
345 20321
346 20013
347 20153
348 19715
349 20000
350 19727
351 19384
352 19340
353 19269
354 19077
355 18925
356 18828
357 18820
358 18516
359 18185
360 18406
361 18201
362 18082
363 17733
364 17833
365 17570
366 17512
367 17335
368 17647
369 17217
370 17416
371 17185
372 17211
373 16916
374 16947
375 16643
376 16664
377 16561
378 16304
379 16259
380 16229
381 16238
382 16275
383 15851
384 15763
385 15714
386 15643
387 15735
388 15510
389 15187
390 15322
391 15263
392 15065
393 15270
394 14892
395 14806
396 14782
397 14653
398 14691
399 14680
400 14154
401 14120
402 14200
403 14116
404 13798
405 13944
406 13699
407 13727
408 13569
409 13759
410 13467
411 13254
412 13266
413 13490
414 13150
415 13376
416 13152
417 12822
418 13002
419 12813
420 12711
421 12607
422 12426
423 12453
424 12613
425 12502
426 12597
427 12284
428 12279
429 12260
430 12087
431 11966
432 11822
433 11910
434 11841
435 11919
436 11852
437 11553
438 11437
439 11439
440 11356
441 11299
442 11299
443 11419
444 11356
445 11147
446 11370
447 11173
448 11052
449 10950
450 10812
451 10776
452 10742
453 10830
454 10692
455 10612
456 10547
457 10579
458 10296
459 10319
460 10517
461 10237
462 10155
463 10176
464 9933
465 10060
466 10106
467 10023
468 9835
469 9751
470 9717
471 9850
472 9589
473 9534
474 9529
475 9267
476 9739
477 9576
478 9578
479 9415
480 9370
481 9229
482 9181
483 9259
484 9170
485 9096
486 9006
487 8998
488 9034
489 8835
490 8885
491 9095
492 8786
493 8768
494 8847
495 8625
496 8607
497 8581
498 8571
499 8496
500 8380
501 8492
502 8381
503 8455
504 8179
505 8346
506 8281
507 8141
508 8179
509 8273
510 8059
511 8077
512 7869
513 7908
514 8069
515 7922
516 7943
517 7779
518 7800
519 7830
520 7733
521 7603
522 7744
523 7601
524 7668
525 7631
526 7508
527 7452
528 7432
529 7459
530 7275
531 7437
532 7467
533 7232
534 7179
535 7275
536 7018
537 7182
538 7140
539 7154
540 6897
541 7124
542 6989
543 6957
544 6905
545 7058
546 6898
547 6856
548 6739
549 6775
550 6687
551 6752
552 6782
553 6824
554 6795
555 6408
556 6657
557 6611
558 6455
559 6490
560 6609
561 6421
562 6520
563 6449
564 6422
565 6383
566 6348
567 6134
568 6236
569 6170
570 6263
571 6141
572 6047
573 6170
574 6051
575 6123
576 6016
577 6103
578 5931
579 5965
580 5997
581 6135
582 5808
583 5904
584 5877
585 5879
586 5957
587 6005
588 5794
589 5776
590 5824
591 5680
592 5610
593 5731
594 5503
595 5766
596 5632
597 5592
598 5418
599 5483
600 5554
601 5478
602 5496
603 5429
604 5492
605 5473
606 5423
607 5444
608 5432
609 5322
610 5367
611 5284
612 5284
613 5307
614 5310
615 5307
616 5203
617 5272
618 5224
619 5215
620 5158
621 5001
622 5065
623 5097
624 5167
625 5018
626 5070
627 5017
628 4888
629 4994
630 5005
631 4882
632 4962
633 4921
634 4747
635 4785
636 4800
637 4736
638 4794
639 4868
640 4730
641 4834
642 4712
643 4748
644 4726
645 4736
646 4678
647 4714
648 4668
649 4771
650 4613
651 4634
652 4511
653 4652
654 4673
655 4668
656 4750
657 4461
658 4549
659 4528
660 4525
661 4512
662 4497
663 4554
664 4475
665 4407
666 4418
667 4413
668 4319
669 4400
670 4385
671 4314
672 4374
673 4265
674 4338
675 4241
676 4119
677 4208
678 4318
679 4245
680 4233
681 4163
682 4102
683 4084
684 4176
685 4039
686 4138
687 4203
688 4108
689 4171
690 4184
691 4066
692 4181
693 4024
694 4040
695 3949
696 3965
697 4032
698 4027
699 4038
700 3974
701 3927
702 3914
703 4016
704 3972
705 3875
706 3928
707 3992
708 3829
709 4014
710 3863
711 3895
712 3880
713 3832
714 3844
715 3785
716 3769
717 3800
718 3777
719 3819
720 3818
721 3754
722 3785
723 3714
724 3688
725 3736
726 3677
727 3740
728 3722
729 3769
730 3695
731 3619
732 3605
733 3725
734 3602
735 3704
736 3672
737 3623
738 3544
739 3550
740 3545
741 3643
742 3614
743 3668
744 3728
745 3574
746 3539
747 3574
748 3531
749 3485
750 3568
751 3503
752 3509
753 3526
754 3413
755 3410
756 3520
757 3510
758 3459
759 3407
760 3494
761 3511
762 3427
763 3509
764 3441
765 3539
766 3341
767 3409
768 3378
769 3411
770 3463
771 3406
772 3346
773 3414
774 3450
775 3428
776 3403
777 3307
778 3398
779 3334
780 3405
781 3311
782 3357
783 3391
784 3346
785 3366
786 3343
787 3365
788 3330
789 3246
790 3388
791 3333
792 3335
793 3353
794 3290
795 3394
796 3297
797 3285
798 3298
799 3313
800 3304
801 3284
802 3312
803 3300
804 3401
805 3281
806 3199
807 3316
808 3242
809 3245
810 3320
811 3150
812 3222
813 3313
814 3191
815 3143
816 3252
817 3223
818 3201
819 3199
820 3251
821 3256
822 3239
823 3296
824 3173
825 3240
826 3253
827 3112
828 3268
829 3273
830 3227
831 3269
832 3205
833 3161
834 3252
835 3134
836 3130
837 3174
838 3217
839 3201
840 3191
841 3194
842 3306
843 3234
844 3163
845 3179
846 3136
847 3144
848 3172
849 3224
850 3243
851 3246
852 3245
853 3220
854 3138
855 3095
856 3212
857 3178
858 3059
859 3169
860 3182
861 3281
862 3239
863 3186
864 3195
865 3131
866 3179
867 3181
868 3256
869 3193
870 3346
871 3257
872 3315
873 3201
874 3211
875 3298
876 3285
877 3196
878 3155
879 3169
880 3211
881 3213
882 3250
883 3271
884 3227
885 3135
886 3150
887 3187
888 3181
889 3181
890 3262
891 3152
892 3193
893 3077
894 3157
895 3147
896 3143
897 3269
898 3120
899 3218
900 3220
901 3131
902 3235
903 3217
904 3216
905 3284
906 3224
907 3200
908 3221
909 3183
910 3104
911 3122
912 3118
913 3178
914 3111
915 3168
916 3173
917 3233
918 3221
919 3055
920 3147
921 3094
922 3095
923 3026
924 3066
925 3160
926 3132
927 3077
928 3064
929 3154
930 3131
931 3027
932 3156
933 3061
934 3009
935 3035
936 3122
937 2917
938 3116
939 3123
940 3121
941 3141
942 3196
943 3011
944 3041
945 3074
946 2978
947 3008
948 3123
949 3047
950 3035
951 3179
952 3025
953 3115
954 3045
955 3007
956 3041
957 2928
958 3016
959 3091
960 2989
961 2971
962 2975
963 3020
964 3015
965 2937
966 2951
967 3037
968 2995
969 2990
970 2969
971 3006
972 2931
973 2925
974 2954
975 2833
976 3020
977 2972
978 2958
979 2977
980 2893
981 2877
982 2956
983 2905
984 2817
985 2909
986 2850
987 2952
988 2844
989 2893
990 2819
991 2846
992 2897
993 2839
994 2865
995 2885
996 2813
997 2845
998 2730
999 2879
1000 2931
1001 2945
1002 2761
1003 2850
1004 2846
1005 2685
1006 2814
1007 2856
1008 2775
1009 2807
1010 2729
1011 2776
1012 2765
1013 2737
1014 2718
1015 2730
1016 2716
1017 2650
1018 2713
1019 2719
1020 2796
1021 2639
1022 2728
1023 2546
1024 2654
1025 2555
1026 2578
1027 2634
1028 2568
1029 2656
1030 2584
1031 2677
1032 2590
1033 2588
1034 2591
1035 2536
1036 2523
1037 2595
1038 2619
1039 2456
1040 2584
1041 2590
1042 2542
1043 2423
1044 2540
1045 2535
1046 2451
1047 2528
1048 2506
1049 2466
1050 2472
1051 2439
1052 2315
1053 2394
1054 2436
1055 2431
1056 2352
1057 2311
1058 2326
1059 2299
1060 2439
1061 2394
1062 2349
1063 2329
1064 2315
1065 2238
1066 2293
1067 2273
1068 2357
1069 2224
1070 2278
1071 2254
1072 2340
1073 2180
1074 2245
1075 2166
1076 2280
1077 2267
1078 2193
1079 2234
1080 2256
1081 2233
1082 2272
1083 2155
1084 2200
1085 2205
1086 2143
1087 2218
1088 2204
1089 2103
1090 2136
1091 2122
1092 2101
1093 2081
1094 2074
1095 2138
1096 2118
1097 2064
1098 2061
1099 2131
1100 2045
1101 2007
1102 2044
1103 2105
1104 2076
1105 1971
1106 2039
1107 2031
1108 1932
1109 1955
1110 2022
1111 1971
1112 1998
1113 1944
1114 1983
1115 1978
1116 1967
1117 1957
1118 1999
1119 1946
1120 1909
1121 1975
1122 1913
1123 1902
1124 1833
1125 1924
1126 1871
1127 1864
1128 1865
1129 1854
1130 1887
1131 1779
1132 1897
1133 1824
1134 1831
1135 1849
1136 1808
1137 1837
1138 1845
1139 1873
1140 1899
1141 1830
1142 1828
1143 1811
1144 1789
1145 1820
1146 1682
1147 1773
1148 1766
1149 1755
1150 1830
1151 1720
1152 1754
1153 1716
1154 1740
1155 1684
1156 1741
1157 1725
1158 1694
1159 1685
1160 1716
1161 1681
1162 1692
1163 1665
1164 1652
1165 1652
1166 1666
1167 1584
1168 1659
1169 1599
1170 1613
1171 1626
1172 1639
1173 1560
1174 1646
1175 1583
1176 1585
1177 1654
1178 1560
1179 1621
1180 1581
1181 1615
1182 1584
1183 1612
1184 1625
1185 1567
1186 1607
1187 1593
1188 1655
1189 1550
1190 1513
1191 1562
1192 1521
1193 1518
1194 1520
1195 1455
1196 1533
1197 1532
1198 1556
1199 1494
1200 1583
1201 1590
1202 1510
1203 1531
1204 1462
1205 1507
1206 1481
1207 1499
1208 1489
1209 1463
1210 1475
1211 1422
1212 1495
1213 1466
1214 1388
1215 1472
1216 1395
1217 1451
1218 1392
1219 1398
1220 1459
1221 1405
1222 1431
1223 1387
1224 1363
1225 1474
1226 1451
1227 1363
1228 1348
1229 1383
1230 1289
1231 1397
1232 1375
1233 1366
1234 1397
1235 1433
1236 1337
1237 1373
1238 1292
1239 1364
1240 1352
1241 1352
1242 1337
1243 1313
1244 1404
1245 1365
1246 1348
1247 1339
1248 1375
1249 1300
1250 1401
1251 1283
1252 1320
1253 1264
1254 1267
1255 1367
1256 1339
1257 1283
1258 1305
1259 1252
1260 1325
1261 1249
1262 1227
1263 1233
1264 1333
1265 1229
1266 1275
1267 1222
1268 1210
1269 1267
1270 1253
1271 1233
1272 1275
1273 1265
1274 1234
1275 1254
1276 1192
1277 1218
1278 1229
1279 1163
1280 1192
1281 1208
1282 1199
1283 1266
1284 1182
1285 1235
1286 1242
1287 1180
1288 1236
1289 1168
1290 1208
1291 1273
1292 1146
1293 1211
1294 1202
1295 1188
1296 1206
1297 1200
1298 1169
1299 1151
1300 1171
1301 1139
1302 1173
1303 1154
1304 1119
1305 1099
1306 1153
1307 1143
1308 1138
1309 1113
1310 1152
1311 1160
1312 1145
1313 1042
1314 1095
1315 1077
1316 1182
1317 1111
1318 1109
1319 1105
1320 1090
1321 1060
1322 1100
1323 1052
1324 1027
1325 1057
1326 1133
1327 1098
1328 1090
1329 1128
1330 1150
1331 1092
1332 1130
1333 1111
1334 1150
1335 1070
1336 1064
1337 1038
1338 1145
1339 1107
1340 1123
1341 1085
1342 1035
1343 1042
1344 1101
1345 1103
1346 1046
1347 1097
1348 1037
1349 1044
1350 1067
1351 1058
1352 1061
1353 1026
1354 1038
1355 1041
1356 998
1357 1035
1358 1001
1359 1045
1360 1063
1361 1005
1362 1068
1363 1040
1364 1063
1365 1066
1366 1081
1367 1037
1368 1014
1369 1038
1370 1030
1371 1075
1372 1068
1373 1022
1374 990
1375 1042
1376 1028
1377 1001
1378 1041
1379 1043
1380 1037
1381 1028
1382 1049
1383 959
1384 1051
1385 979
1386 1003
1387 964
1388 963
1389 1019
1390 1007
1391 1011
1392 989
1393 987
1394 964
1395 970
1396 962
1397 971
1398 1005
1399 923
1400 906
1401 937
1402 979
1403 988
1404 942
1405 943
1406 943
1407 949
1408 965
1409 922
1410 929
1411 971
1412 987
1413 881
1414 894
1415 910
1416 984
1417 923
1418 895
1419 951
1420 924
1421 941
1422 915
1423 891
1424 921
1425 923
1426 918
1427 935
1428 911
1429 895
1430 950
1431 917
1432 881
1433 903
1434 910
1435 919
1436 931
1437 874
1438 904
1439 879
1440 939
1441 870
1442 946
1443 897
1444 897
1445 936
1446 865
1447 910
1448 911
1449 921
1450 938
1451 935
1452 842
1453 925
1454 841
1455 878
1456 837
1457 900
1458 877
1459 905
1460 905
1461 887
1462 872
1463 820
1464 828
1465 838
1466 868
1467 886
1468 869
1469 832
1470 806
1471 936
1472 851
1473 865
1474 828
1475 907
1476 844
1477 829
1478 807
1479 860
1480 860
1481 826
1482 835
1483 788
1484 818
1485 818
1486 787
1487 840
1488 795
1489 836
1490 837
1491 805
1492 791
1493 835
1494 832
1495 785
1496 768
1497 774
1498 805
1499 798
1500 794
1501 843
1502 791
1503 856
1504 775
1505 756
1506 763
1507 784
1508 754
1509 848
1510 785
1511 762
1512 745
1513 776
1514 762
1515 790
1516 838
1517 822
1518 796
1519 824
1520 820
1521 739
1522 813
1523 790
1524 783
1525 773
1526 748
1527 738
1528 741
1529 809
1530 772
1531 768
1532 772
1533 721
1534 806
1535 762
1536 791
1537 799
1538 733
1539 784
1540 726
1541 769
1542 757
1543 784
1544 780
1545 717
1546 699
1547 696
1548 783
1549 737
1550 733
1551 723
1552 776
1553 763
1554 718
1555 756
1556 751
1557 753
1558 770
1559 754
1560 730
1561 693
1562 677
1563 712
1564 721
1565 693
1566 714
1567 730
1568 740
1569 727
1570 708
1571 764
1572 681
1573 741
1574 689
1575 716
1576 701
1577 725
1578 689
1579 710
1580 729
1581 700
1582 723
1583 733
1584 668
1585 704
1586 684
1587 694
1588 720
1589 707
1590 662
1591 689
1592 709
1593 628
1594 700
1595 684
1596 705
1597 678
1598 717
1599 677
1600 665
1601 701
1602 650
1603 693
1604 676
1605 693
1606 711
1607 715
1608 661
1609 723
1610 671
1611 710
1612 659
1613 699
1614 662
1615 671
1616 617
1617 670
1618 648
1619 667
1620 690
1621 726
1622 642
1623 660
1624 668
1625 616
1626 682
1627 669
1628 679
1629 667
1630 657
1631 661
1632 686
1633 667
1634 655
1635 695
1636 657
1637 675
1638 638
1639 670
1640 686
1641 658
1642 650
1643 648
1644 663
1645 658
1646 647
1647 650
1648 683
1649 666
1650 645
1651 672
1652 668
1653 671
1654 639
1655 639
1656 627
1657 669
1658 605
1659 669
1660 633
1661 656
1662 657
1663 619
1664 617
1665 644
1666 628
1667 598
1668 631
1669 616
1670 621
1671 632
1672 608
1673 654
1674 588
1675 651
1676 611
1677 631
1678 617
1679 632
1680 678
1681 598
1682 594
1683 628
1684 629
1685 626
1686 641
1687 605
1688 636
1689 594
1690 642
1691 618
1692 575
1693 631
1694 627
1695 601
1696 646
1697 610
1698 574
1699 603
1700 609
1701 603
1702 624
1703 627
1704 632
1705 653
1706 624
1707 578
1708 560
1709 621
1710 637
1711 592
1712 613
1713 572
1714 617
1715 576
1716 597
1717 614
1718 593
1719 572
1720 605
1721 613
1722 571
1723 600
1724 600
1725 588
1726 595
1727 608
1728 573
1729 582
1730 588
1731 615
1732 623
1733 587
1734 568
1735 585
1736 569
1737 573
1738 582
1739 568
1740 576
1741 574
1742 577
1743 549
1744 584
1745 564
1746 573
1747 583
1748 588
1749 590
1750 575
1751 536
1752 580
1753 521
1754 573
1755 584
1756 554
1757 564
1758 538
1759 546
1760 555
1761 520
1762 559
1763 552
1764 548
1765 573
1766 554
1767 566
1768 528
1769 543
1770 598
1771 543
1772 513
1773 540
1774 611
1775 561
1776 530
1777 567
1778 525
1779 512
1780 504
1781 512
1782 552
1783 596
1784 518
1785 554
1786 548
1787 512
1788 501
1789 536
1790 558
1791 533
1792 460
1793 541
1794 514
1795 555
1796 490
1797 562
1798 504
1799 544
1800 522
1801 525
1802 564
1803 523
1804 499
1805 455
1806 535
1807 498
1808 514
1809 524
1810 526
1811 535
1812 485
1813 491
1814 510
1815 546
1816 558
1817 576
1818 522
1819 525
1820 487
1821 515
1822 538
1823 522
1824 492
1825 496
1826 504
1827 502
1828 471
1829 489
1830 505
1831 504
1832 492
1833 524
1834 513
1835 479
1836 497
1837 483
1838 491
1839 466
1840 492
1841 483
1842 497
1843 464
1844 495
1845 495
1846 517
1847 499
1848 522
1849 491
1850 514
1851 492
1852 489
1853 477
1854 518
1855 460
1856 498
1857 503
1858 496
1859 444
1860 540
1861 514
1862 514
1863 445
1864 481
1865 510
1866 522
1867 473
1868 486
1869 475
1870 503
1871 473
1872 494
1873 490
1874 506
1875 493
1876 492
1877 499
1878 475
1879 450
1880 476
1881 437
1882 476
1883 474
1884 491
1885 454
1886 445
1887 485
1888 478
1889 491
1890 448
1891 485
1892 442
1893 473
1894 474
1895 453
1896 448
1897 482
1898 452
1899 452
1900 462
1901 488
1902 464
1903 453
1904 468
1905 500
1906 489
1907 456
1908 478
1909 446
1910 467
1911 496
1912 450
1913 478
1914 404
1915 495
1916 438
1917 469
1918 439
1919 461
1920 426
1921 454
1922 484
1923 442
1924 423
1925 466
1926 450
1927 445
1928 444
1929 406
1930 434
1931 440
1932 439
1933 447
1934 459
1935 447
1936 410
1937 444
1938 469
1939 466
1940 454
1941 437
1942 434
1943 413
1944 456
1945 424
1946 419
1947 439
1948 447
1949 428
1950 440
1951 444
1952 448
1953 454
1954 471
1955 464
1956 431
1957 473
1958 425
1959 433
1960 394
1961 476
1962 432
1963 470
1964 400
1965 435
1966 430
1967 414
1968 432
1969 440
1970 454
1971 422
1972 420
1973 417
1974 417
1975 421
1976 430
1977 413
1978 407
1979 433
1980 406
1981 413
1982 413
1983 460
1984 428
1985 422
1986 422
1987 423
1988 391
1989 440
1990 419
1991 391
1992 391
1993 427
1994 428
1995 393
1996 405
1997 413
1998 393
1999 431
2000 419
2001 418
2002 411
2003 383
2004 383
2005 399
2006 395
2007 391
2008 395
2009 408
2010 433
2011 344
2012 415
2013 382
2014 426
2015 408
2016 377
2017 353
2018 392
2019 407
2020 410
2021 380
2022 382
2023 394
2024 395
2025 352
2026 403
2027 403
2028 399
2029 355
2030 400
2031 388
2032 418
2033 348
2034 374
2035 418
2036 396
2037 392
2038 426
2039 370
2040 375
2041 369
2042 379
2043 346
2044 376
2045 348
2046 390
2047 364
2048 384
2049 383
2050 342
2051 404
2052 371
2053 366
2054 364
2055 393
2056 356
2057 354
2058 337
2059 358
2060 391
2061 400
2062 401
2063 346
2064 416
2065 361
2066 390
2067 381
2068 351
2069 377
2070 367
2071 357
2072 325
2073 374
2074 409
2075 408
2076 369
2077 364
2078 354
2079 364
2080 358
2081 387
2082 376
2083 362
2084 362
2085 361
2086 373
2087 350
2088 374
2089 373
2090 356
2091 384
2092 369
2093 371
2094 387
2095 352
2096 353
2097 398
2098 348
2099 373
2100 362
2101 386
2102 343
2103 341
2104 392
2105 378
2106 358
2107 335
2108 363
2109 393
2110 335
2111 343
2112 372
2113 343
2114 374
2115 378
2116 328
2117 345
2118 344
2119 389
2120 343
2121 411
2122 350
2123 360
2124 317
2125 382
2126 352
2127 363
2128 352
2129 360
2130 328
2131 369
2132 369
2133 376
2134 328
2135 341
2136 338
2137 333
2138 352
2139 351
2140 328
2141 335
2142 340
2143 346
2144 350
2145 351
2146 351
2147 341
2148 340
2149 325
2150 359
2151 356
2152 316
2153 327
2154 340
2155 335
2156 307
2157 356
2158 324
2159 336
2160 297
2161 340
2162 343
2163 326
2164 327
2165 368
2166 313
2167 338
2168 322
2169 338
2170 315
2171 331
2172 355
2173 345
2174 353
2175 344
2176 331
2177 314
2178 338
2179 358
2180 321
2181 340
2182 327
2183 345
2184 330
2185 288
2186 316
2187 305
2188 331
2189 331
2190 304
2191 338
2192 316
2193 312
2194 300
2195 319
2196 343
2197 307
2198 304
2199 306
2200 313
2201 316
2202 328
2203 307
2204 294
2205 328
2206 325
2207 342
2208 340
2209 293
2210 346
2211 308
2212 306
2213 354
2214 335
2215 328
2216 315
2217 292
2218 290
2219 297
2220 330
2221 316
2222 297
2223 302
2224 308
2225 320
2226 317
2227 280
2228 309
2229 307
2230 318
2231 304
2232 299
2233 299
2234 285
2235 287
2236 322
2237 294
2238 345
2239 331
2240 307
2241 304
2242 304
2243 308
2244 305
2245 315
2246 332
2247 323
2248 320
2249 316
2250 299
2251 322
2252 322
2253 297
2254 321
2255 311
2256 284
2257 296
2258 307
2259 301
2260 299
2261 309
2262 314
2263 270
2264 301
2265 302
2266 305
2267 289
2268 305
2269 315
2270 277
2271 273
2272 316
2273 280
2274 282
2275 297
2276 303
2277 301
2278 307
2279 279
2280 318
2281 307
2282 312
2283 264
2284 294
2285 289
2286 289
2287 305
2288 314
2289 296
2290 319
2291 294
2292 291
2293 287
2294 285
2295 275
2296 272
2297 277
2298 303
2299 291
2300 286
2301 286
2302 281
2303 279
2304 277
2305 305
2306 284
2307 265
2308 292
2309 327
2310 268
2311 294
2312 305
2313 254
2314 287
2315 285
2316 280
2317 281
2318 306
2319 286
2320 298
2321 287
2322 305
2323 277
2324 270
2325 267
2326 256
2327 298
2328 305
2329 338
2330 291
2331 288
2332 267
2333 294
2334 245
2335 314
2336 278
2337 268
2338 259
2339 251
2340 286
2341 277
2342 255
2343 298
2344 256
2345 282
2346 290
2347 291
2348 277
2349 275
2350 292
2351 289
2352 292
2353 274
2354 303
2355 299
2356 245
2357 282
2358 264
2359 307
2360 305
2361 273
2362 265
2363 241
2364 282
2365 279
2366 301
2367 262
2368 281
2369 246
2370 278
2371 283
2372 292
2373 245
2374 253
2375 301
2376 295
2377 286
2378 267
2379 255
2380 299
2381 284
2382 276
2383 267
2384 282
2385 292
2386 277
2387 293
2388 274
2389 236
2390 264
2391 271
2392 266
2393 264
2394 257
2395 243
2396 263
2397 289
2398 265
2399 281
2400 274
2401 259
2402 276
2403 292
2404 265
2405 265
2406 256
2407 262
2408 254
2409 258
2410 271
2411 273
2412 245
2413 278
2414 298
2415 271
2416 247
2417 266
2418 292
2419 249
2420 287
2421 262
2422 241
2423 239
2424 271
2425 234
2426 242
2427 252
2428 260
2429 285
2430 299
2431 272
2432 215
2433 264
2434 261
2435 263
2436 249
2437 250
2438 276
2439 276
2440 259
2441 256
2442 243
2443 251
2444 245
2445 258
2446 236
2447 244
2448 278
2449 267
2450 248
2451 280
2452 248
2453 250
2454 269
2455 233
2456 275
2457 242
2458 257
2459 226
2460 247
2461 252
2462 225
2463 262
2464 261
2465 247
2466 250
2467 258
2468 262
2469 242
2470 266
2471 267
2472 262
2473 255
2474 284
2475 236
2476 257
2477 249
2478 251
2479 241
2480 235
2481 265
2482 215
2483 252
2484 267
2485 249
2486 267
2487 240
2488 248
2489 226
2490 235
2491 256
2492 260
2493 255
2494 241
2495 217
2496 275
2497 253
2498 265
2499 245
2500 223
2501 228
2502 269
2503 247
2504 245
2505 268
2506 258
2507 256
2508 238
2509 247
2510 257
2511 234
2512 231
2513 251
2514 249
2515 251
2516 273
2517 236
2518 295
2519 224
2520 246
2521 234
2522 266
2523 231
2524 227
2525 254
2526 228
2527 234
2528 262
2529 248
2530 280
2531 292
2532 223
2533 265
2534 217
2535 223
2536 254
2537 231
2538 221
2539 254
2540 265
2541 228
2542 263
2543 228
2544 226
2545 250
2546 249
2547 251
2548 210
2549 228
2550 228
2551 256
2552 247
2553 210
2554 225
2555 256
2556 217
2557 250
2558 262
2559 230
2560 237
2561 242
2562 223
2563 245
2564 244
2565 235
2566 245
2567 230
2568 231
2569 249
2570 211
2571 247
2572 227
2573 247
2574 225
2575 205
2576 256
2577 214
2578 213
2579 221
2580 243
2581 246
2582 219
2583 232
2584 213
2585 246
2586 247
2587 233
2588 228
2589 233
2590 239
2591 253
2592 258
2593 229
2594 240
2595 221
2596 225
2597 232
2598 249
2599 222
2600 208
2601 220
2602 255
2603 214
2604 226
2605 237
2606 216
2607 238
2608 257
2609 247
2610 235
2611 217
2612 239
2613 233
2614 229
2615 248
2616 231
2617 240
2618 222
2619 220
2620 210
2621 227
2622 219
2623 220
2624 229
2625 205
2626 208
2627 250
2628 235
2629 222
2630 247
2631 239
2632 227
2633 232
2634 238
2635 228
2636 233
2637 254
2638 256
2639 227
2640 216
2641 223
2642 211
2643 229
2644 222
2645 224
2646 219
2647 245
2648 210
2649 222
2650 237
2651 237
2652 228
2653 209
2654 241
2655 236
2656 246
2657 210
2658 204
2659 251
2660 235
2661 217
2662 238
2663 225
2664 237
2665 235
2666 210
2667 199
2668 239
2669 221
2670 205
2671 216
2672 264
2673 231
2674 233
2675 213
2676 214
2677 215
2678 223
2679 209
2680 214
2681 228
2682 226
2683 211
2684 205
2685 226
2686 207
2687 197
2688 202
2689 225
2690 213
2691 237
2692 241
2693 241
2694 231
2695 195
2696 222
2697 213
2698 231
2699 216
2700 228
2701 237
2702 220
2703 198
2704 228
2705 217
2706 215
2707 240
2708 222
2709 219
2710 207
2711 195
2712 213
2713 202
2714 199
2715 213
2716 234
2717 211
2718 212
2719 207
2720 198
2721 206
2722 187
2723 202
2724 213
2725 202
2726 193
2727 209
2728 212
2729 198
2730 194
2731 197
2732 212
2733 218
2734 230
2735 201
2736 214
2737 208
2738 196
2739 207
2740 224
2741 219
2742 201
2743 207
2744 205
2745 221
2746 233
2747 213
2748 221
2749 199
2750 199
2751 205
2752 204
2753 186
2754 217
2755 207
2756 201
2757 217
2758 218
2759 227
2760 210
2761 195
2762 228
2763 202
2764 211
2765 215
2766 214
2767 223
2768 218
2769 204
2770 211
2771 235
2772 234
2773 216
2774 193
2775 218
2776 204
2777 198
2778 217
2779 202
2780 232
2781 205
2782 212
2783 210
2784 210
2785 212
2786 213
2787 198
2788 216
2789 208
2790 222
2791 226
2792 195
2793 204
2794 204
2795 235
2796 214
2797 191
2798 202
2799 223
2800 201
2801 206
2802 192
2803 214
2804 195
2805 219
2806 183
2807 214
2808 215
2809 204
2810 211
2811 216
2812 189
2813 189
2814 203
2815 219
2816 211
2817 218
2818 235
2819 213
2820 193
2821 208
2822 197
2823 185
2824 175
2825 187
2826 213
2827 206
2828 203
2829 182
2830 187
2831 207
2832 201
2833 207
2834 212
2835 213
2836 205
2837 187
2838 199
2839 182
2840 193
2841 224
2842 211
2843 202
2844 178
2845 199
2846 203
2847 191
2848 200
2849 202
2850 177
2851 194
2852 193
2853 211
2854 181
2855 223
2856 199
2857 182
2858 210
2859 188
2860 203
2861 206
2862 213
2863 190
2864 176
2865 188
2866 207
2867 196
2868 180
2869 181
2870 199
2871 187
2872 177
2873 203
2874 177
2875 192
2876 180
2877 209
2878 204
2879 189
2880 189
2881 207
2882 213
2883 186
2884 179
2885 207
2886 200
2887 205
2888 169
2889 206
2890 203
2891 208
2892 186
2893 181
2894 186
2895 190
2896 193
2897 209
2898 164
2899 199
2900 194
2901 184
2902 183
2903 191
2904 181
2905 178
2906 180
2907 207
2908 202
2909 195
2910 182
2911 171
2912 184
2913 198
2914 176
2915 212
2916 202
2917 189
2918 176
2919 211
2920 167
2921 170
2922 166
2923 197
2924 181
2925 186
2926 171
2927 189
2928 182
2929 186
2930 182
2931 176
2932 182
2933 183
2934 198
2935 191
2936 197
2937 178
2938 190
2939 195
2940 202
2941 196
2942 181
2943 173
2944 203
2945 171
2946 186
2947 200
2948 192
2949 180
2950 171
2951 189
2952 186
2953 178
2954 172
2955 185
2956 171
2957 187
2958 196
2959 175
2960 196
2961 185
2962 190
2963 203
2964 170
2965 187
2966 183
2967 193
2968 184
2969 177
2970 184
2971 213
2972 182
2973 176
2974 192
2975 180
2976 185
2977 172
2978 168
2979 176
2980 175
2981 173
2982 171
2983 195
2984 216
2985 171
2986 177
2987 183
2988 160
2989 180
2990 173
2991 175
2992 156
2993 163
2994 219
2995 186
2996 197
2997 192
2998 158
2999 179
3000 169
3001 173
3002 149
3003 192
3004 190
3005 195
3006 177
3007 188
3008 189
3009 186
3010 158
3011 174
3012 175
3013 197
3014 187
3015 185
3016 189
3017 164
3018 191
3019 185
3020 193
3021 180
3022 182
3023 164
3024 179
3025 164
3026 172
3027 184
3028 177
3029 184
3030 184
3031 176
3032 189
3033 167
3034 183
3035 179
3036 188
3037 188
3038 193
3039 168
3040 184
3041 195
3042 169
3043 174
3044 177
3045 172
3046 201
3047 170
3048 201
3049 196
3050 180
3051 197
3052 183
3053 174
3054 203
3055 172
3056 163
3057 167
3058 162
3059 178
3060 184
3061 167
3062 158
3063 192
3064 162
3065 149
3066 164
3067 183
3068 189
3069 178
3070 164
3071 187
3072 179
3073 178
3074 153
3075 176
3076 178
3077 191
3078 148
3079 153
3080 171
3081 159
3082 174
3083 167
3084 173
3085 161
3086 177
3087 183
3088 178
3089 183
3090 153
3091 148
3092 162
3093 182
3094 158
3095 171
3096 168
3097 179
3098 149
3099 163
3100 168
3101 169
3102 165
3103 166
3104 167
3105 176
3106 184
3107 139
3108 153
3109 165
3110 177
3111 130
3112 180
3113 165
3114 163
3115 173
3116 194
3117 156
3118 138
3119 169
3120 171
3121 164
3122 161
3123 141
3124 168
3125 155
3126 188
3127 148
3128 180
3129 156
3130 184
3131 166
3132 148
3133 157
3134 179
3135 148
3136 172
3137 170
3138 181
3139 156
3140 159
3141 198
3142 163
3143 156
3144 148
3145 159
3146 161
3147 160
3148 151
3149 146
3150 169
3151 176
3152 158
3153 156
3154 188
3155 177
3156 134
3157 156
3158 158
3159 167
3160 195
3161 167
3162 169
3163 185
3164 160
3165 175
3166 144
3167 151
3168 159
3169 174
3170 157
3171 185
3172 158
3173 184
3174 153
3175 160
3176 154
3177 174
3178 176
3179 134
3180 170
3181 163
3182 156
3183 158
3184 159
3185 144
3186 166
3187 163
3188 151
3189 181
3190 166
3191 161
3192 155
3193 162
3194 148
3195 134
3196 164
3197 153
3198 145
3199 131
3200 155
3201 152
3202 158
3203 137
3204 150
3205 158
3206 164
3207 133
3208 165
3209 148
3210 160
3211 140
3212 152
3213 149
3214 170
3215 161
3216 154
3217 166
3218 165
3219 176
3220 174
3221 169
3222 167
3223 151
3224 154
3225 155
3226 160
3227 164
3228 132
3229 176
3230 174
3231 149
3232 138
3233 143
3234 179
3235 145
3236 159
3237 145
3238 163
3239 131
3240 163
3241 146
3242 142
3243 147
3244 149
3245 142
3246 147
3247 138
3248 152
3249 140
3250 157
3251 162
3252 163
3253 173
3254 162
3255 151
3256 144
3257 158
3258 137
3259 144
3260 142
3261 145
3262 137
3263 147
3264 167
3265 162
3266 142
3267 142
3268 141
3269 160
3270 165
3271 145
3272 146
3273 148
3274 138
3275 142
3276 139
3277 147
3278 141
3279 152
3280 151
3281 134
3282 128
3283 156
3284 144
3285 114
3286 143
3287 148
3288 137
3289 160
3290 158
3291 157
3292 146
3293 148
3294 152
3295 154
3296 160
3297 147
3298 149
3299 150
3300 147
3301 174
3302 132
3303 144
3304 151
3305 151
3306 167
3307 124
3308 173
3309 146
3310 128
3311 157
3312 162
3313 131
3314 144
3315 144
3316 121
3317 176
3318 165
3319 155
3320 145
3321 153
3322 160
3323 141
3324 137
3325 167
3326 172
3327 179
3328 158
3329 149
3330 132
3331 161
3332 137
3333 142
3334 177
3335 144
3336 116
3337 143
3338 148
3339 156
3340 150
3341 157
3342 149
3343 140
3344 135
3345 151
3346 157
3347 137
3348 148
3349 158
3350 147
3351 146
3352 135
3353 123
3354 153
3355 154
3356 154
3357 138
3358 128
3359 123
3360 143
3361 124
3362 154
3363 139
3364 144
3365 150
3366 161
3367 137
3368 139
3369 140
3370 155
3371 145
3372 139
3373 148
3374 132
3375 146
3376 154
3377 138
3378 128
3379 160
3380 130
3381 134
3382 133
3383 145
3384 139
3385 133
3386 135
3387 144
3388 168
3389 141
3390 150
3391 135
3392 140
3393 133
3394 151
3395 135
3396 135
3397 136
3398 143
3399 146
3400 133
3401 158
3402 138
3403 137
3404 129
3405 137
3406 127
3407 150
3408 136
3409 131
3410 135
3411 128
3412 147
3413 159
3414 129
3415 145
3416 143
3417 134
3418 149
3419 145
3420 131
3421 150
3422 133
3423 135
3424 140
3425 151
3426 158
3427 131
3428 150
3429 133
3430 134
3431 146
3432 149
3433 131
3434 135
3435 154
3436 144
3437 148
3438 133
3439 129
3440 143
3441 137
3442 118
3443 133
3444 122
3445 99
3446 131
3447 122
3448 131
3449 117
3450 123
3451 108
3452 134
3453 125
3454 135
3455 148
3456 157
3457 145
3458 146
3459 145
3460 134
3461 124
3462 138
3463 125
3464 143
3465 145
3466 113
3467 120
3468 129
3469 121
3470 135
3471 128
3472 109
3473 144
3474 141
3475 129
3476 108
3477 153
3478 110
3479 160
3480 128
3481 144
3482 137
3483 142
3484 132
3485 131
3486 150
3487 117
3488 153
3489 135
3490 139
3491 120
3492 137
3493 165
3494 142
3495 117
3496 133
3497 115
3498 136
3499 135
3500 121
3501 144
3502 140
3503 121
3504 125
3505 138
3506 114
3507 128
3508 124
3509 119
3510 125
3511 131
3512 122
3513 143
3514 133
3515 125
3516 128
3517 138
3518 121
3519 144
3520 154
3521 131
3522 152
3523 138
3524 131
3525 139
3526 114
3527 136
3528 131
3529 130
3530 128
3531 128
3532 138
3533 119
3534 121
3535 128
3536 143
3537 139
3538 132
3539 124
3540 134
3541 118
3542 144
3543 118
3544 160
3545 136
3546 134
3547 119
3548 136
3549 109
3550 115
3551 132
3552 107
3553 133
3554 142
3555 127
3556 132
3557 124
3558 107
3559 126
3560 119
3561 113
3562 127
3563 151
3564 121
3565 112
3566 116
3567 125
3568 130
3569 149
3570 120
3571 144
3572 133
3573 123
3574 115
3575 123
3576 121
3577 115
3578 135
3579 135
3580 125
3581 113
3582 128
3583 157
3584 157
3585 138
3586 132
3587 128
3588 128
3589 132
3590 137
3591 144
3592 112
3593 125
3594 113
3595 127
3596 133
3597 123
3598 127
3599 118
3600 126
3601 114
3602 133
3603 135
3604 119
3605 109
3606 114
3607 124
3608 113
3609 120
3610 127
3611 113
3612 126
3613 116
3614 130
3615 121
3616 140
3617 116
3618 112
3619 126
3620 98
3621 116
3622 133
3623 121
3624 137
3625 115
3626 120
3627 110
3628 122
3629 132
3630 124
3631 129
3632 116
3633 120
3634 109
3635 130
3636 119
3637 126
3638 119
3639 117
3640 128
3641 124
3642 112
3643 138
3644 111
3645 132
3646 140
3647 111
3648 129
3649 128
3650 108
3651 103
3652 126
3653 126
3654 112
3655 131
3656 122
3657 107
3658 125
3659 105
3660 110
3661 113
3662 112
3663 119
3664 126
3665 115
3666 110
3667 127
3668 128
3669 133
3670 118
3671 128
3672 117
3673 113
3674 136
3675 127
3676 130
3677 125
3678 122
3679 119
3680 124
3681 116
3682 125
3683 130
3684 107
3685 117
3686 110
3687 112
3688 126
3689 131
3690 126
3691 138
3692 105
3693 107
3694 115
3695 113
3696 97
3697 115
3698 108
3699 107
3700 121
3701 111
3702 125
3703 131
3704 126
3705 114
3706 114
3707 107
3708 106
3709 103
3710 127
3711 130
3712 134
3713 106
3714 118
3715 98
3716 115
3717 99
3718 128
3719 118
3720 127
3721 122
3722 125
3723 126
3724 95
3725 103
3726 131
3727 127
3728 124
3729 120
3730 116
3731 100
3732 112
3733 104
3734 124
3735 139
3736 130
3737 105
3738 124
3739 118
3740 106
3741 120
3742 129
3743 106
3744 92
3745 113
3746 110
3747 116
3748 109
3749 132
3750 117
3751 112
3752 84
3753 117
3754 116
3755 120
3756 105
3757 110
3758 117
3759 113
3760 110
3761 106
3762 92
3763 110
3764 115
3765 101
3766 113
3767 97
3768 109
3769 118
3770 106
3771 121
3772 114
3773 112
3774 111
3775 95
3776 114
3777 96
3778 108
3779 116
3780 114
3781 120
3782 100
3783 105
3784 102
3785 110
3786 98
3787 109
3788 115
3789 95
3790 115
3791 119
3792 115
3793 121
3794 115
3795 134
3796 105
3797 122
3798 116
3799 119
3800 124
3801 129
3802 127
3803 108
3804 100
3805 121
3806 115
3807 93
3808 122
3809 102
3810 102
3811 106
3812 118
3813 94
3814 116
3815 127
3816 119
3817 117
3818 92
3819 116
3820 119
3821 101
3822 124
3823 111
3824 112
3825 119
3826 122
3827 104
3828 98
3829 119
3830 112
3831 105
3832 93
3833 116
3834 102
3835 125
3836 116
3837 111
3838 95
3839 107
3840 102
3841 121
3842 100
3843 93
3844 98
3845 107
3846 137
3847 117
3848 96
3849 108
3850 110
3851 97
3852 96
3853 94
3854 103
3855 116
3856 98
3857 99
3858 102
3859 107
3860 114
3861 110
3862 124
3863 99
3864 103
3865 107
3866 109
3867 114
3868 101
3869 110
3870 103
3871 106
3872 105
3873 120
3874 119
3875 131
3876 101
3877 109
3878 102
3879 98
3880 106
3881 85
3882 108
3883 101
3884 120
3885 111
3886 114
3887 108
3888 109
3889 115
3890 115
3891 115
3892 132
3893 91
3894 115
3895 96
3896 101
3897 96
3898 102
3899 113
3900 105
3901 135
3902 95
3903 95
3904 100
3905 99
3906 104
3907 88
3908 100
3909 115
3910 97
3911 104
3912 88
3913 97
3914 105
3915 100
3916 107
3917 98
3918 110
3919 102
3920 101
3921 113
3922 103
3923 104
3924 103
3925 120
3926 102
3927 111
3928 109
3929 88
3930 99
3931 125
3932 96
3933 111
3934 107
3935 109
3936 112
3937 116
3938 107
3939 106
3940 95
3941 114
3942 97
3943 99
3944 100
3945 98
3946 99
3947 113
3948 111
3949 99
3950 102
3951 110
3952 108
3953 116
3954 96
3955 102
3956 94
3957 116
3958 94
3959 117
3960 123
3961 98
3962 99
3963 127
3964 113
3965 106
3966 97
3967 81
3968 107
3969 96
3970 97
3971 90
3972 85
3973 99
3974 98
3975 88
3976 97
3977 101
3978 90
3979 98
3980 89
3981 99
3982 108
3983 83
3984 115
3985 97
3986 115
3987 111
3988 97
3989 92
3990 99
3991 99
3992 109
3993 74
3994 95
3995 113
3996 97
3997 98
3998 110
3999 104
4000 93
4001 112
4002 107
4003 103
4004 88
4005 102
4006 96
4007 94
4008 104
4009 96
4010 98
4011 98
4012 89
4013 100
4014 91
4015 107
4016 106
4017 101
4018 110
4019 105
4020 105
4021 101
4022 86
4023 110
4024 87
4025 84
4026 84
4027 99
4028 98
4029 112
4030 95
4031 110
4032 94
4033 102
4034 124
4035 93
4036 104
4037 107
4038 95
4039 117
4040 101
4041 91
4042 110
4043 110
4044 106
4045 101
4046 120
4047 108
4048 102
4049 95
4050 91
4051 106
4052 97
4053 111
4054 100
4055 95
4056 93
4057 105
4058 103
4059 100
4060 95
4061 131
4062 115
4063 86
4064 81
4065 96
4066 112
4067 79
4068 87
4069 104
4070 99
4071 92
4072 102
4073 90
4074 87
4075 98
4076 95
4077 90
4078 88
4079 110
4080 96
4081 85
4082 92
4083 91
4084 112
4085 118
4086 88
4087 86
4088 98
4089 86
4090 88
4091 109
4092 106
4093 94
4094 93
4095 121
4096 90
4097 85
4098 85
4099 86
4100 116
4101 91
4102 109
4103 100
4104 83
4105 100
4106 82
4107 95
4108 92
4109 108
4110 90
4111 100
4112 109
4113 92
4114 82
4115 95
4116 108
4117 99
4118 109
4119 116
4120 98
4121 99
4122 84
4123 84
4124 87
4125 80
4126 89
4127 99
4128 106
4129 103
4130 104
4131 98
4132 96
4133 79
4134 89
4135 96
4136 90
4137 103
4138 105
4139 90
4140 75
4141 103
4142 90
4143 92
4144 92
4145 99
4146 96
4147 89
4148 106
4149 90
4150 82
4151 83
4152 114
4153 93
4154 103
4155 91
4156 81
4157 109
4158 101
4159 81
4160 93
4161 101
4162 93
4163 106
4164 97
4165 115
4166 100
4167 83
4168 81
4169 76
4170 77
4171 78
4172 92
4173 77
4174 96
4175 89
4176 71
4177 83
4178 96
4179 88
4180 98
4181 99
4182 87
4183 87
4184 91
4185 88
4186 83
4187 85
4188 79
4189 106
4190 94
4191 76
4192 108
4193 103
4194 89
4195 102
4196 89
4197 85
4198 104
4199 98
4200 99
4201 103
4202 104
4203 90
4204 97
4205 88
4206 101
4207 104
4208 91
4209 93
4210 100
4211 93
4212 83
4213 97
4214 79
4215 101
4216 81
4217 88
4218 70
4219 78
4220 125
4221 83
4222 95
4223 84
4224 84
4225 87
4226 97
4227 95
4228 97
4229 87
4230 87
4231 96
4232 92
4233 108
4234 88
4235 98
4236 98
4237 73
4238 90
4239 121
4240 91
4241 81
4242 97
4243 104
4244 82
4245 96
4246 79
4247 94
4248 111
4249 69
4250 90
4251 88
4252 79
4253 85
4254 85
4255 98
4256 96
4257 70
4258 67
4259 83
4260 88
4261 102
4262 82
4263 78
4264 103
4265 91
4266 102
4267 94
4268 98
4269 102
4270 82
4271 82
4272 94
4273 73
4274 96
4275 84
4276 105
4277 93
4278 71
4279 67
4280 91
4281 100
4282 86
4283 87
4284 91
4285 84
4286 97
4287 84
4288 79
4289 106
4290 93
4291 100
4292 91
4293 90
4294 87
4295 89
4296 86
4297 85
4298 88
4299 89
4300 89
4301 96
4302 88
4303 109
4304 86
4305 75
4306 89
4307 96
4308 76
4309 102
4310 95
4311 69
4312 87
4313 88
4314 90
4315 91
4316 83
4317 92
4318 95
4319 87
4320 82
4321 78
4322 94
4323 99
4324 101
4325 86
4326 89
4327 97
4328 91
4329 90
4330 98
4331 74
4332 99
4333 94
4334 90
4335 68
4336 86
4337 82
4338 81
4339 67
4340 90
4341 86
4342 88
4343 95
4344 78
4345 75
4346 86
4347 84
4348 90
4349 81
4350 89
4351 76
4352 96
4353 85
4354 83
4355 90
4356 81
4357 78
4358 72
4359 75
4360 83
4361 96
4362 76
4363 83
4364 83
4365 84
4366 77
4367 79
4368 76
4369 85
4370 69
4371 74
4372 83
4373 89
4374 96
4375 93
4376 90
4377 86
4378 79
4379 74
4380 77
4381 76
4382 102
4383 86
4384 73
4385 88
4386 87
4387 88
4388 75
4389 82
4390 86
4391 87
4392 101
4393 86
4394 78
4395 79
4396 84
4397 88
4398 78
4399 87
4400 93
4401 79
4402 74
4403 63
4404 72
4405 100
4406 80
4407 84
4408 63
4409 75
4410 63
4411 74
4412 69
4413 99
4414 72
4415 75
4416 84
4417 77
4418 66
4419 99
4420 89
4421 87
4422 86
4423 80
4424 78
4425 86
4426 81
4427 85
4428 92
4429 81
4430 84
4431 73
4432 68
4433 84
4434 79
4435 89
4436 88
4437 69
4438 84
4439 86
4440 87
4441 74
4442 77
4443 85
4444 67
4445 70
4446 71
4447 80
4448 70
4449 86
4450 85
4451 94
4452 103
4453 99
4454 85
4455 105
4456 76
4457 89
4458 82
4459 74
4460 82
4461 82
4462 77
4463 78
4464 91
4465 95
4466 84
4467 102
4468 81
4469 72
4470 80
4471 86
4472 83
4473 85
4474 93
4475 73
4476 83
4477 74
4478 69
4479 98
4480 85
4481 95
4482 86
4483 78
4484 92
4485 72
4486 72
4487 70
4488 97
4489 86
4490 97
4491 75
4492 80
4493 72
4494 93
4495 72
4496 92
4497 71
4498 88
4499 90
4500 90
4501 90
4502 86
4503 79
4504 99
4505 90
4506 78
4507 80
4508 85
4509 110
4510 82
4511 80
4512 77
4513 111
4514 61
4515 64
4516 82
4517 79
4518 78
4519 86
4520 75
4521 94
4522 80
4523 73
4524 57
4525 87
4526 80
4527 78
4528 96
4529 82
4530 76
4531 77
4532 85
4533 91
4534 70
4535 85
4536 98
4537 87
4538 74
4539 82
4540 90
4541 83
4542 79
4543 96
4544 85
4545 78
4546 87
4547 79
4548 65
4549 70
4550 79
4551 90
4552 84
4553 77
4554 77
4555 86
4556 77
4557 77
4558 80
4559 81
4560 67
4561 71
4562 77
4563 73
4564 82
4565 75
4566 81
4567 69
4568 84
4569 77
4570 90
4571 63
4572 62
4573 83
4574 83
4575 76
4576 80
4577 86
4578 77
4579 71
4580 84
4581 61
4582 67
4583 87
4584 67
4585 74
4586 78
4587 67
4588 60
4589 84
4590 77
4591 87
4592 72
4593 83
4594 71
4595 72
4596 74
4597 76
4598 89
4599 70
4600 68
4601 60
4602 86
4603 66
4604 84
4605 84
4606 68
4607 73
4608 88
4609 71
4610 73
4611 69
4612 80
4613 74
4614 80
4615 76
4616 77
4617 72
4618 74
4619 86
4620 70
4621 77
4622 83
4623 65
4624 79
4625 76
4626 78
4627 72
4628 79
4629 67
4630 68
4631 64
4632 78
4633 73
4634 68
4635 73
4636 58
4637 83
4638 53
4639 62
4640 67
4641 65
4642 69
4643 68
4644 76
4645 64
4646 63
4647 82
4648 77
4649 70
4650 69
4651 63
4652 73
4653 68
4654 76
4655 79
4656 86
4657 79
4658 84
4659 83
4660 60
4661 82
4662 58
4663 67
4664 87
4665 82
4666 65
4667 81
4668 84
4669 85
4670 79
4671 84
4672 95
4673 67
4674 80
4675 72
4676 75
4677 79
4678 65
4679 67
4680 74
4681 86
4682 82
4683 74
4684 59
4685 82
4686 74
4687 82
4688 74
4689 73
4690 83
4691 77
4692 67
4693 76
4694 61
4695 79
4696 79
4697 90
4698 99
4699 97
4700 81
4701 79
4702 87
4703 72
4704 65
4705 77
4706 69
4707 85
4708 70
4709 75
4710 47
4711 60
4712 74
4713 84
4714 88
4715 66
4716 58
4717 70
4718 75
4719 76
4720 71
4721 88
4722 74
4723 70
4724 63
4725 62
4726 76
4727 74
4728 66
4729 63
4730 65
4731 62
4732 62
4733 67
4734 80
4735 89
4736 77
4737 75
4738 69
4739 63
4740 72
4741 70
4742 79
4743 76
4744 74
4745 75
4746 74
4747 75
4748 69
4749 63
4750 75
4751 72
4752 64
4753 74
4754 66
4755 75
4756 76
4757 66
4758 94
4759 61
4760 64
4761 79
4762 80
4763 63
4764 77
4765 77
4766 74
4767 80
4768 64
4769 66
4770 68
4771 82
4772 67
4773 78
4774 73
4775 64
4776 66
4777 60
4778 79
4779 75
4780 55
4781 66
4782 79
4783 70
4784 70
4785 69
4786 68
4787 78
4788 68
4789 72
4790 72
4791 61
4792 62
4793 69
4794 64
4795 83
4796 70
4797 70
4798 57
4799 66
4800 71
4801 62
4802 66
4803 68
4804 75
4805 64
4806 71
4807 81
4808 51
4809 76
4810 67
4811 76
4812 90
4813 88
4814 69
4815 74
4816 71
4817 48
4818 60
4819 70
4820 54
4821 78
4822 80
4823 66
4824 70
4825 74
4826 82
4827 67
4828 64
4829 72
4830 65
4831 66
4832 80
4833 56
4834 61
4835 67
4836 74
4837 74
4838 62
4839 56
4840 66
4841 70
4842 69
4843 55
4844 86
4845 75
4846 83
4847 73
4848 63
4849 71
4850 75
4851 64
4852 83
4853 79
4854 71
4855 91
4856 66
4857 64
4858 86
4859 67
4860 79
4861 78
4862 70
4863 62
4864 66
4865 56
4866 68
4867 50
4868 67
4869 58
4870 65
4871 76
4872 76
4873 66
4874 80
4875 61
4876 61
4877 65
4878 90
4879 75
4880 72
4881 70
4882 87
4883 70
4884 52
4885 66
4886 63
4887 58
4888 63
4889 60
4890 61
4891 66
4892 62
4893 54
4894 66
4895 60
4896 81
4897 79
4898 71
4899 71
4900 54
4901 61
4902 65
4903 57
4904 75
4905 76
4906 72
4907 54
4908 62
4909 56
4910 65
4911 64
4912 67
4913 81
4914 67
4915 69
4916 72
4917 82
4918 66
4919 77
4920 63
4921 62
4922 71
4923 72
4924 64
4925 68
4926 70
4927 67
4928 79
4929 68
4930 76
4931 53
4932 56
4933 70
4934 68
4935 61
4936 70
4937 72
4938 72
4939 72
4940 77
4941 64
4942 60
4943 63
4944 48
4945 74
4946 70
4947 69
4948 62
4949 65
4950 69
4951 73
4952 63
4953 58
4954 70
4955 67
4956 77
4957 63
4958 60
4959 70
4960 63
4961 63
4962 55
4963 55
4964 79
4965 54
4966 57
4967 56
4968 63
4969 59
4970 52
4971 55
4972 61
4973 63
4974 57
4975 65
4976 77
4977 84
4978 59
4979 76
4980 61
4981 72
4982 58
4983 55
4984 69
4985 80
4986 69
4987 57
4988 65
4989 74
4990 65
4991 73
4992 70
4993 63
4994 61
4995 71
4996 62
4997 67
4998 67
4999 54
5000 64
5001 72
5002 71
5003 61
5004 61
5005 72
5006 78
5007 70
5008 59
5009 67
5010 71
5011 61
5012 74
5013 64
5014 61
5015 72
5016 74
5017 69
5018 68
5019 67
5020 62
5021 75
5022 61
5023 69
5024 71
5025 71
5026 57
5027 53
5028 61
5029 62
5030 54
5031 48
5032 68
5033 50
5034 72
5035 72
5036 57
5037 53
5038 62
5039 73
5040 68
5041 63
5042 58
5043 68
5044 65
5045 77
5046 66
5047 54
5048 70
5049 62
5050 77
5051 62
5052 81
5053 60
5054 54
5055 53
5056 69
5057 50
5058 63
5059 68
5060 85
5061 58
5062 74
5063 61
5064 64
5065 72
5066 82
5067 82
5068 62
5069 53
5070 58
5071 61
5072 53
5073 55
5074 73
5075 57
5076 64
5077 72
5078 45
5079 74
5080 58
5081 53
5082 60
5083 55
5084 61
5085 54
5086 68
5087 73
5088 80
5089 66
5090 64
5091 84
5092 59
5093 66
5094 63
5095 64
5096 67
5097 65
5098 58
5099 52
5100 70
5101 63
5102 60
5103 56
5104 57
5105 67
5106 64
5107 62
5108 69
5109 54
5110 62
5111 71
5112 61
5113 74
5114 65
5115 61
5116 64
5117 60
5118 49
5119 68
5120 93
5121 54
5122 70
5123 79
5124 58
5125 64
5126 66
5127 77
5128 59
5129 67
5130 62
5131 73
5132 57
5133 62
5134 81
5135 56
5136 54
5137 67
5138 54
5139 62
5140 70
5141 58
5142 50
5143 65
5144 58
5145 60
5146 67
5147 67
5148 60
5149 60
5150 66
5151 42
5152 64
5153 56
5154 65
5155 63
5156 60
5157 73
5158 63
5159 62
5160 62
5161 63
5162 41
5163 69
5164 65
5165 52
5166 75
5167 70
5168 64
5169 67
5170 63
5171 56
5172 52
5173 45
5174 66
5175 64
5176 67
5177 62
5178 52
5179 60
5180 41
5181 61
5182 58
5183 66
5184 47
5185 61
5186 61
5187 59
5188 70
5189 63
5190 55
5191 45
5192 63
5193 48
5194 48
5195 45
5196 62
5197 66
5198 60
5199 57
5200 55
5201 73
5202 66
5203 64
5204 62
5205 59
5206 54
5207 56
5208 57
5209 61
5210 57
5211 68
5212 81
5213 61
5214 60
5215 49
5216 55
5217 68
5218 59
5219 50
5220 63
5221 43
5222 58
5223 60
5224 60
5225 52
5226 58
5227 69
5228 54
5229 51
5230 57
5231 56
5232 57
5233 55
5234 60
5235 59
5236 70
5237 66
5238 64
5239 60
5240 59
5241 58
5242 46
5243 55
5244 69
5245 49
5246 61
5247 58
5248 64
5249 63
5250 52
5251 66
5252 50
5253 52
5254 62
5255 67
5256 64
5257 54
5258 76
5259 63
5260 55
5261 57
5262 61
5263 48
5264 51
5265 56
5266 67
5267 66
5268 61
5269 53
5270 65
5271 63
5272 48
5273 45
5274 63
5275 52
5276 43
5277 62
5278 59
5279 43
5280 52
5281 62
5282 54
5283 53
5284 59
5285 58
5286 61
5287 57
5288 64
5289 54
5290 64
5291 55
5292 57
5293 62
5294 64
5295 56
5296 51
5297 58
5298 46
5299 56
5300 69
5301 41
5302 68
5303 64
5304 50
5305 52
5306 62
5307 63
5308 50
5309 50
5310 52
5311 47
5312 55
5313 68
5314 58
5315 55
5316 39
5317 55
5318 70
5319 57
5320 61
5321 45
5322 61
5323 58
5324 56
5325 50
5326 48
5327 58
5328 37
5329 52
5330 54
5331 47
5332 52
5333 42
5334 66
5335 48
5336 67
5337 42
5338 48
5339 57
5340 58
5341 66
5342 53
5343 54
5344 45
5345 61
5346 64
5347 62
5348 49
5349 55
5350 40
5351 65
5352 45
5353 50
5354 59
5355 52
5356 58
5357 51
5358 63
5359 53
5360 49
5361 58
5362 47
5363 66
5364 55
5365 51
5366 52
5367 55
5368 58
5369 61
5370 64
5371 47
5372 54
5373 51
5374 55
5375 54
5376 68
5377 58
5378 47
5379 39
5380 61
5381 60
5382 61
5383 55
5384 48
5385 48
5386 55
5387 70
5388 50
5389 50
5390 57
5391 49
5392 48
5393 71
5394 66
5395 66
5396 61
5397 62
5398 62
5399 53
5400 48
5401 51
5402 54
5403 46
5404 49
5405 55
5406 50
5407 49
5408 52
5409 42
5410 48
5411 46
5412 69
5413 44
5414 64
5415 54
5416 46
5417 51
5418 67
5419 49
5420 52
5421 53
5422 62
5423 50
5424 38
5425 53
5426 47
5427 54
5428 52
5429 53
5430 48
5431 50
5432 50
5433 57
5434 39
5435 58
5436 52
5437 52
5438 38
5439 48
5440 56
5441 52
5442 69
5443 51
5444 55
5445 59
5446 56
5447 49
5448 61
5449 76
5450 62
5451 65
5452 42
5453 46
5454 59
5455 54
5456 41
5457 54
5458 56
5459 51
5460 45
5461 55
5462 58
5463 59
5464 62
5465 41
5466 60
5467 46
5468 42
5469 68
5470 49
5471 44
5472 64
5473 51
5474 52
5475 60
5476 45
5477 47
5478 56
5479 53
5480 50
5481 54
5482 57
5483 63
5484 44
5485 61
5486 51
5487 43
5488 45
5489 54
5490 52
5491 47
5492 50
5493 49
5494 59
5495 52
5496 44
5497 43
5498 64
5499 51
5500 55
5501 46
5502 47
5503 50
5504 53
5505 53
5506 56
5507 63
5508 56
5509 44
5510 53
5511 67
5512 50
5513 48
5514 37
5515 54
5516 43
5517 59
5518 62
5519 56
5520 49
5521 62
5522 50
5523 55
5524 51
5525 47
5526 47
5527 60
5528 55
5529 46
5530 50
5531 48
5532 51
5533 60
5534 42
5535 57
5536 45
5537 47
5538 54
5539 52
5540 64
5541 48
5542 54
5543 47
5544 42
5545 60
5546 59
5547 54
5548 43
5549 38
5550 51
5551 54
5552 43
5553 53
5554 42
5555 46
5556 49
5557 47
5558 42
5559 45
5560 47
5561 44
5562 54
5563 52
5564 52
5565 49
5566 50
5567 45
5568 51
5569 44
5570 48
5571 49
5572 47
5573 43
5574 49
5575 47
5576 47
5577 55
5578 41
5579 45
5580 40
5581 46
5582 47
5583 53
5584 41
5585 46
5586 58
5587 47
5588 41
5589 43
5590 48
5591 57
5592 47
5593 47
5594 43
5595 53
5596 47
5597 43
5598 53
5599 47
5600 54
5601 54
5602 33
5603 45
5604 44
5605 62
5606 50
5607 49
5608 49
5609 32
5610 43
5611 56
5612 44
5613 62
5614 41
5615 48
5616 59
5617 52
5618 51
5619 57
5620 57
5621 57
5622 56
5623 55
5624 57
5625 45
5626 60
5627 37
5628 52
5629 48
5630 47
5631 47
5632 45
5633 60
5634 49
5635 48
5636 53
5637 43
5638 55
5639 36
5640 51
5641 53
5642 49
5643 51
5644 41
5645 48
5646 59
5647 60
5648 55
5649 44
5650 44
5651 51
5652 50
5653 40
5654 49
5655 48
5656 58
5657 38
5658 51
5659 56
5660 47
5661 56
5662 51
5663 34
5664 53
5665 35
5666 43
5667 46
5668 40
5669 62
5670 60
5671 42
5672 53
5673 40
5674 57
5675 62
5676 50
5677 41
5678 46
5679 43
5680 39
5681 46
5682 44
5683 56
5684 33
5685 50
5686 44
5687 39
5688 42
5689 46
5690 59
5691 56
5692 46
5693 48
5694 51
5695 36
5696 45
5697 42
5698 48
5699 54
5700 42
5701 44
5702 60
5703 45
5704 40
5705 48
5706 33
5707 48
5708 50
5709 37
5710 30
5711 53
5712 56
5713 46
5714 54
5715 55
5716 43
5717 46
5718 45
5719 39
5720 40
5721 55
5722 33
5723 50
5724 48
5725 31
5726 48
5727 49
5728 48
5729 43
5730 50
5731 44
5732 56
5733 47
5734 41
5735 49
5736 58
5737 40
5738 46
5739 46
5740 43
5741 31
5742 55
5743 57
5744 48
5745 53
5746 57
5747 46
5748 46
5749 44
5750 42
5751 49
5752 49
5753 51
5754 65
5755 57
5756 46
5757 50
5758 56
5759 46
5760 34
5761 53
5762 46
5763 60
5764 42
5765 40
5766 39
5767 53
5768 36
5769 40
5770 44
5771 51
5772 60
5773 48
5774 40
5775 39
5776 43
5777 39
5778 48
5779 45
5780 43
5781 43
5782 42
5783 53
5784 49
5785 50
5786 49
5787 45
5788 55
5789 48
5790 41
5791 42
5792 53
5793 34
5794 53
5795 47
5796 36
5797 39
5798 39
5799 52
5800 44
5801 50
5802 38
5803 36
5804 35
5805 42
5806 41
5807 44
5808 47
5809 37
5810 32
5811 41
5812 42
5813 48
5814 50
5815 39
5816 47
5817 65
5818 49
5819 45
5820 37
5821 40
5822 42
5823 50
5824 46
5825 38
5826 41
5827 44
5828 49
5829 42
5830 45
5831 53
5832 39
5833 49
5834 57
5835 66
5836 54
5837 43
5838 63
5839 44
5840 44
5841 44
5842 56
5843 41
5844 40
5845 49
5846 61
5847 53
5848 37
5849 40
5850 55
5851 43
5852 49
5853 39
5854 33
5855 41
5856 47
5857 50
5858 57
5859 46
5860 42
5861 39
5862 48
5863 39
5864 37
5865 34
5866 53
5867 53
5868 42
5869 51
5870 47
5871 47
5872 36
5873 60
5874 34
5875 38
5876 31
5877 41
5878 53
5879 46
5880 49
5881 45
5882 47
5883 52
5884 43
5885 53
5886 44
5887 48
5888 46
5889 54
5890 43
5891 48
5892 44
5893 53
5894 41
5895 42
5896 52
5897 53
5898 48
5899 47
5900 55
5901 47
5902 41
5903 47
5904 44
5905 41
5906 54
5907 42
5908 38
5909 38
5910 41
5911 51
5912 40
5913 40
5914 42
5915 39
5916 39
5917 45
5918 31
5919 44
5920 48
5921 53
5922 41
5923 40
5924 37
5925 37
5926 46
5927 48
5928 51
5929 41
5930 39
5931 44
5932 52
5933 44
5934 39
5935 44
5936 40
5937 51
5938 44
5939 50
5940 53
5941 39
5942 37
5943 35
5944 42
5945 53
5946 36
5947 47
5948 55
5949 37
5950 34
5951 42
5952 41
5953 49
5954 48
5955 50
5956 50
5957 19
5958 44
5959 46
5960 29
5961 33
5962 39
5963 50
5964 47
5965 43
5966 39
5967 37
5968 45
5969 56
5970 51
5971 45
5972 35
5973 42
5974 38
5975 33
5976 43
5977 44
5978 47
5979 42
5980 38
5981 37
5982 59
5983 35
5984 43
5985 41
5986 42
5987 47
5988 38
5989 39
5990 42
5991 47
5992 39
5993 41
5994 50
5995 44
5996 35
5997 37
5998 34
5999 36
6000 29
6001 26
6002 42
6003 43
6004 32
6005 35
6006 42
6007 43
6008 35
6009 45
6010 36
6011 45
6012 46
6013 35
6014 40
6015 41
6016 41
6017 38
6018 29
6019 45
6020 42
6021 56
6022 37
6023 37
6024 34
6025 44
6026 48
6027 45
6028 32
6029 51
6030 42
6031 41
6032 39
6033 49
6034 49
6035 39
6036 35
6037 49
6038 51
6039 42
6040 42
6041 53
6042 30
6043 46
6044 26
6045 63
6046 47
6047 37
6048 50
6049 48
6050 36
6051 36
6052 34
6053 40
6054 47
6055 55
6056 41
6057 51
6058 32
6059 41
6060 42
6061 46
6062 38
6063 33
6064 41
6065 55
6066 29
6067 40
6068 41
6069 41
6070 41
6071 28
6072 42
6073 36
6074 46
6075 44
6076 44
6077 42
6078 33
6079 43
6080 49
6081 57
6082 46
6083 39
6084 45
6085 46
6086 29
6087 48
6088 36
6089 35
6090 34
6091 37
6092 36
6093 44
6094 47
6095 40
6096 36
6097 38
6098 34
6099 43
6100 49
6101 43
6102 36
6103 34
6104 48
6105 36
6106 36
6107 30
6108 35
6109 34
6110 34
6111 40
6112 34
6113 41
6114 45
6115 41
6116 50
6117 32
6118 32
6119 51
6120 36
6121 38
6122 45
6123 50
6124 48
6125 44
6126 41
6127 42
6128 37
6129 46
6130 51
6131 42
6132 41
6133 48
6134 38
6135 43
6136 37
6137 39
6138 27
6139 39
6140 34
6141 41
6142 42
6143 45
6144 43
6145 33
6146 36
6147 41
6148 47
6149 48
6150 38
6151 43
6152 40
6153 37
6154 48
6155 47
6156 40
6157 39
6158 37
6159 45
6160 41
6161 42
6162 39
6163 40
6164 28
6165 41
6166 40
6167 37
6168 50
6169 43
6170 53
6171 30
6172 35
6173 46
6174 42
6175 36
6176 30
6177 32
6178 44
6179 42
6180 43
6181 37
6182 49
6183 38
6184 52
6185 37
6186 30
6187 39
6188 43
6189 34
6190 36
6191 42
6192 35
6193 40
6194 37
6195 32
6196 47
6197 48
6198 37
6199 40
6200 44
6201 32
6202 39
6203 32
6204 36
6205 36
6206 34
6207 31
6208 35
6209 59
6210 55
6211 31
6212 28
6213 42
6214 35
6215 34
6216 39
6217 42
6218 40
6219 39
6220 36
6221 38
6222 33
6223 45
6224 26
6225 41
6226 38
6227 40
6228 36
6229 44
6230 37
6231 44
6232 40
6233 35
6234 34
6235 31
6236 38
6237 37
6238 40
6239 29
6240 25
6241 45
6242 29
6243 36
6244 39
6245 32
6246 32
6247 29
6248 40
6249 30
6250 39
6251 48
6252 41
6253 36
6254 44
6255 53
6256 35
6257 44
6258 47
6259 32
6260 41
6261 41
6262 37
6263 40
6264 28
6265 34
6266 35
6267 43
6268 32
6269 38
6270 31
6271 34
6272 50
6273 46
6274 36
6275 41
6276 36
6277 37
6278 35
6279 42
6280 41
6281 40
6282 37
6283 41
6284 34
6285 29
6286 39
6287 42
6288 40
6289 32
6290 39
6291 31
6292 46
6293 27
6294 33
6295 43
6296 41
6297 28
6298 39
6299 35
6300 37
6301 34
6302 43
6303 34
6304 38
6305 37
6306 27
6307 32
6308 29
6309 38
6310 33
6311 28
6312 40
6313 41
6314 42
6315 47
6316 29
6317 48
6318 26
6319 33
6320 34
6321 36
6322 34
6323 26
6324 32
6325 30
6326 39
6327 32
6328 45
6329 36
6330 31
6331 47
6332 36
6333 37
6334 40
6335 55
6336 40
6337 35
6338 30
6339 36
6340 41
6341 27
6342 35
6343 43
6344 25
6345 47
6346 27
6347 37
6348 27
6349 42
6350 32
6351 34
6352 41
6353 35
6354 32
6355 36
6356 30
6357 33
6358 26
6359 35
6360 36
6361 29
6362 31
6363 38
6364 32
6365 50
6366 40
6367 42
6368 26
6369 42
6370 37
6371 40
6372 30
6373 40
6374 46
6375 40
6376 32
6377 31
6378 33
6379 43
6380 47
6381 28
6382 30
6383 25
6384 37
6385 48
6386 34
6387 32
6388 30
6389 37
6390 36
6391 30
6392 40
6393 47
6394 40
6395 26
6396 37
6397 39
6398 36
6399 37
6400 32
6401 41
6402 29
6403 37
6404 38
6405 36
6406 36
6407 41
6408 35
6409 25
6410 36
6411 39
6412 32
6413 55
6414 45
6415 29
6416 32
6417 29
6418 41
6419 33
6420 28
6421 40
6422 36
6423 32
6424 34
6425 35
6426 38
6427 37
6428 32
6429 31
6430 38
6431 33
6432 40
6433 33
6434 36
6435 39
6436 27
6437 35
6438 52
6439 33
6440 36
6441 28
6442 29
6443 42
6444 27
6445 24
6446 41
6447 28
6448 33
6449 25
6450 37
6451 27
6452 40
6453 36
6454 31
6455 37
6456 26
6457 33
6458 34
6459 35
6460 29
6461 33
6462 32
6463 33
6464 39
6465 44
6466 42
6467 48
6468 28
6469 19
6470 38
6471 38
6472 42
6473 35
6474 34
6475 27
6476 47
6477 37
6478 28
6479 48
6480 33
6481 30
6482 29
6483 28
6484 38
6485 28
6486 32
6487 36
6488 32
6489 45
6490 37
6491 43
6492 37
6493 40
6494 22
6495 30
6496 35
6497 30
6498 37
6499 29
6500 28
6501 32
6502 36
6503 36
6504 40
6505 43
6506 41
6507 27
6508 28
6509 38
6510 24
6511 31
6512 33
6513 34
6514 32
6515 50
6516 42
6517 38
6518 40
6519 38
6520 38
6521 32
6522 32
6523 30
6524 39
6525 34
6526 27
6527 34
6528 28
6529 29
6530 27
6531 27
6532 42
6533 31
6534 40
6535 33
6536 36
6537 36
6538 22
6539 34
6540 34
6541 32
6542 38
6543 27
6544 42
6545 31
6546 22
6547 29
6548 37
6549 41
6550 41
6551 36
6552 34
6553 41
6554 25
6555 34
6556 31
6557 35
6558 18
6559 20
6560 33
6561 24
6562 31
6563 44
6564 38
6565 37
6566 29
6567 33
6568 37
6569 34
6570 29
6571 29
6572 34
6573 26
6574 40
6575 32
6576 21
6577 26
6578 36
6579 38
6580 33
6581 31
6582 32
6583 29
6584 27
6585 25
6586 33
6587 26
6588 30
6589 35
6590 37
6591 30
6592 33
6593 33
6594 33
6595 36
6596 35
6597 35
6598 33
6599 26
6600 33
6601 31
6602 44
6603 34
6604 37
6605 19
6606 39
6607 29
6608 28
6609 37
6610 32
6611 33
6612 25
6613 31
6614 23
6615 47
6616 32
6617 23
6618 30
6619 39
6620 29
6621 23
6622 26
6623 37
6624 37
6625 26
6626 38
6627 30
6628 30
6629 28
6630 32
6631 38
6632 31
6633 33
6634 38
6635 24
6636 39
6637 29
6638 26
6639 27
6640 25
6641 24
6642 29
6643 35
6644 30
6645 33
6646 36
6647 30
6648 29
6649 26
6650 29
6651 40
6652 26
6653 34
6654 32
6655 27
6656 24
6657 34
6658 33
6659 38
6660 39
6661 31
6662 46
6663 38
6664 29
6665 35
6666 31
6667 32
6668 28
6669 28
6670 39
6671 21
6672 17
6673 29
6674 25
6675 27
6676 37
6677 31
6678 43
6679 36
6680 33
6681 17
6682 22
6683 37
6684 34
6685 35
6686 27
6687 24
6688 27
6689 29
6690 29
6691 50
6692 34
6693 37
6694 37
6695 30
6696 29
6697 26
6698 29
6699 27
6700 26
6701 31
6702 25
6703 27
6704 26
6705 34
6706 31
6707 32
6708 32
6709 27
6710 40
6711 28
6712 35
6713 29
6714 28
6715 34
6716 37
6717 31
6718 30
6719 27
6720 28
6721 21
6722 25
6723 33
6724 29
6725 34
6726 27
6727 29
6728 30
6729 29
6730 32
6731 22
6732 20
6733 24
6734 34
6735 28
6736 30
6737 25
6738 29
6739 28
6740 33
6741 34
6742 28
6743 28
6744 29
6745 27
6746 25
6747 32
6748 26
6749 30
6750 40
6751 25
6752 28
6753 32
6754 25
6755 33
6756 37
6757 27
6758 38
6759 33
6760 26
6761 30
6762 28
6763 26
6764 34
6765 26
6766 21
6767 23
6768 29
6769 21
6770 35
6771 23
6772 24
6773 33
6774 39
6775 27
6776 23
6777 24
6778 24
6779 33
6780 26
6781 28
6782 34
6783 33
6784 39
6785 25
6786 34
6787 31
6788 37
6789 32
6790 37
6791 22
6792 36
6793 31
6794 29
6795 31
6796 41
6797 23
6798 34
6799 33
6800 32
6801 22
6802 26
6803 26
6804 35
6805 29
6806 33
6807 30
6808 36
6809 15
6810 33
6811 28
6812 28
6813 22
6814 27
6815 27
6816 27
6817 42
6818 26
6819 30
6820 29
6821 23
6822 33
6823 34
6824 33
6825 25
6826 34
6827 33
6828 14
6829 28
6830 28
6831 32
6832 35
6833 28
6834 38
6835 33
6836 40
6837 24
6838 31
6839 42
6840 27
6841 25
6842 30
6843 26
6844 28
6845 33
6846 32
6847 30
6848 22
6849 25
6850 24
6851 27
6852 34
6853 29
6854 24
6855 26
6856 27
6857 33
6858 24
6859 20
6860 37
6861 22
6862 31
6863 35
6864 27
6865 27
6866 23
6867 33
6868 31
6869 23
6870 34
6871 29
6872 27
6873 27
6874 41
6875 17
6876 35
6877 25
6878 34
6879 42
6880 25
6881 35
6882 19
6883 23
6884 34
6885 19
6886 27
6887 27
6888 23
6889 22
6890 25
6891 32
6892 25
6893 24
6894 31
6895 25
6896 31
6897 31
6898 24
6899 25
6900 33
6901 37
6902 28
6903 32
6904 33
6905 26
6906 21
6907 28
6908 28
6909 30
6910 29
6911 27
6912 27
6913 32
6914 36
6915 19
6916 31
6917 29
6918 24
6919 20
6920 25
6921 28
6922 18
6923 17
6924 21
6925 26
6926 27
6927 25
6928 31
6929 23
6930 28
6931 30
6932 25
6933 38
6934 39
6935 26
6936 26
6937 31
6938 28
6939 39
6940 22
6941 28
6942 23
6943 25
6944 24
6945 20
6946 26
6947 18
6948 19
6949 31
6950 29
6951 28
6952 34
6953 30
6954 25
6955 26
6956 29
6957 27
6958 23
6959 36
6960 22
6961 26
6962 27
6963 38
6964 28
6965 28
6966 29
6967 26
6968 31
6969 27
6970 26
6971 26
6972 17
6973 22
6974 35
6975 18
6976 40
6977 29
6978 26
6979 25
6980 26
6981 30
6982 27
6983 20
6984 25
6985 34
6986 23
6987 25
6988 25
6989 25
6990 27
6991 27
6992 24
6993 37
6994 34
6995 32
6996 36
6997 36
6998 24
6999 23
7000 20
7001 23
7002 30
7003 31
7004 25
7005 38
7006 23
7007 30
7008 33
7009 28
7010 40
7011 24
7012 39
7013 28
7014 41
7015 18
7016 27
7017 16
7018 24
7019 19
7020 23
7021 35
7022 34
7023 25
7024 17
7025 32
7026 36
7027 26
7028 28
7029 24
7030 29
7031 25
7032 31
7033 32
7034 12
7035 21
7036 29
7037 30
7038 31
7039 25
7040 28
7041 19
7042 25
7043 28
7044 25
7045 22
7046 29
7047 24
7048 25
7049 40
7050 30
7051 25
7052 36
7053 26
7054 30
7055 35
7056 35
7057 27
7058 34
7059 27
7060 18
7061 17
7062 31
7063 30
7064 34
7065 33
7066 26
7067 28
7068 32
7069 28
7070 29
7071 25
7072 31
7073 22
7074 32
7075 28
7076 17
7077 26
7078 28
7079 28
7080 24
7081 22
7082 23
7083 24
7084 22
7085 22
7086 25
7087 24
7088 23
7089 34
7090 24
7091 28
7092 23
7093 20
7094 22
7095 16
7096 28
7097 22
7098 32
7099 31
7100 25
7101 30
7102 28
7103 29
7104 35
7105 24
7106 33
7107 29
7108 30
7109 27
7110 27
7111 25
7112 17
7113 27
7114 28
7115 21
7116 31
7117 25
7118 27
7119 29
7120 34
7121 41
7122 30
7123 26
7124 37
7125 25
7126 19
7127 22
7128 38
7129 28
7130 27
7131 25
7132 28
7133 29
7134 27
7135 26
7136 30
7137 29
7138 26
7139 32
7140 23
7141 31
7142 35
7143 23
7144 34
7145 30
7146 40
7147 26
7148 27
7149 22
7150 17
7151 26
7152 18
7153 19
7154 30
7155 22
7156 12
7157 29
7158 35
7159 24
7160 24
7161 28
7162 22
7163 17
7164 25
7165 19
7166 22
7167 21
7168 22
7169 26
7170 32
7171 26
7172 21
7173 22
7174 30
7175 25
7176 24
7177 32
7178 13
7179 32
7180 32
7181 31
7182 29
7183 26
7184 26
7185 28
7186 29
7187 20
7188 24
7189 35
7190 25
7191 26
7192 25
7193 26
7194 25
7195 22
7196 18
7197 26
7198 27
7199 23
7200 33
7201 25
7202 32
7203 24
7204 17
7205 23
7206 20
7207 23
7208 26
7209 30
7210 23
7211 23
7212 29
7213 22
7214 17
7215 22
7216 24
7217 23
7218 29
7219 29
7220 20
7221 28
7222 19
7223 20
7224 18
7225 21
7226 29
7227 30
7228 27
7229 26
7230 32
7231 30
7232 16
7233 30
7234 29
7235 24
7236 25
7237 23
7238 26
7239 32
7240 34
7241 20
7242 26
7243 26
7244 23
7245 27
7246 31
7247 17
7248 35
7249 17
7250 12
7251 38
7252 24
7253 23
7254 42
7255 32
7256 19
7257 25
7258 22
7259 32
7260 27
7261 38
7262 22
7263 18
7264 33
7265 29
7266 29
7267 30
7268 21
7269 27
7270 19
7271 28
7272 30
7273 30
7274 23
7275 28
7276 21
7277 27
7278 19
7279 23
7280 35
7281 32
7282 22
7283 24
7284 23
7285 30
7286 23
7287 29
7288 20
7289 15
7290 31
7291 21
7292 34
7293 23
7294 19
7295 27
7296 30
7297 34
7298 18
7299 24
7300 27
7301 23
7302 32
7303 32
7304 27
7305 20
7306 23
7307 19
7308 35
7309 15
7310 29
7311 25
7312 24
7313 23
7314 25
7315 24
7316 35
7317 18
7318 22
7319 26
7320 24
7321 19
7322 25
7323 18
7324 27
7325 18
7326 29
7327 32
7328 28
7329 19
7330 20
7331 20
7332 33
7333 16
7334 22
7335 29
7336 29
7337 24
7338 28
7339 24
7340 24
7341 31
7342 25
7343 29
7344 14
7345 18
7346 26
7347 22
7348 36
7349 34
7350 24
7351 23
7352 21
7353 31
7354 22
7355 23
7356 34
7357 32
7358 32
7359 27
7360 30
7361 29
7362 30
7363 23
7364 22
7365 23
7366 31
7367 21
7368 24
7369 24
7370 28
7371 22
7372 24
7373 22
7374 26
7375 18
7376 37
7377 26
7378 25
7379 21
7380 26
7381 37
7382 36
7383 28
7384 26
7385 20
7386 25
7387 31
7388 20
7389 23
7390 28
7391 29
7392 30
7393 16
7394 31
7395 31
7396 31
7397 21
7398 32
7399 25
7400 32
7401 36
7402 22
7403 29
7404 32
7405 26
7406 24
7407 31
7408 21
7409 20
7410 22
7411 22
7412 28
7413 21
7414 25
7415 17
7416 29
7417 30
7418 19
7419 22
7420 23
7421 15
7422 29
7423 30
7424 27
7425 18
7426 26
7427 27
7428 29
7429 14
7430 23
7431 28
7432 16
7433 26
7434 32
7435 27
7436 23
7437 22
7438 33
7439 15
7440 11
7441 25
7442 26
7443 15
7444 22
7445 27
7446 27
7447 25
7448 30
7449 24
7450 26
7451 29
7452 25
7453 17
7454 27
7455 20
7456 28
7457 33
7458 21
7459 18
7460 21
7461 19
7462 31
7463 21
7464 30
7465 26
7466 28
7467 23
7468 25
7469 26
7470 30
7471 16
7472 17
7473 28
7474 30
7475 25
7476 16
7477 27
7478 29
7479 31
7480 21
7481 28
7482 23
7483 26
7484 28
7485 16
7486 20
7487 36
7488 20
7489 23
7490 33
7491 25
7492 25
7493 21
7494 15
7495 28
7496 23
7497 31
7498 21
7499 28
7500 16
7501 19
7502 25
7503 28
7504 26
7505 24
7506 17
7507 16
7508 22
7509 19
7510 26
7511 26
7512 30
7513 18
7514 27
7515 22
7516 25
7517 31
7518 34
7519 28
7520 20
7521 18
7522 20
7523 18
7524 20
7525 23
7526 22
7527 23
7528 23
7529 20
7530 23
7531 20
7532 28
7533 19
7534 17
7535 21
7536 23
7537 27
7538 31
7539 21
7540 21
7541 21
7542 28
7543 20
7544 29
7545 16
7546 23
7547 26
7548 20
7549 23
7550 21
7551 20
7552 18
7553 33
7554 26
7555 20
7556 23
7557 27
7558 27
7559 20
7560 32
7561 32
7562 22
7563 19
7564 18
7565 26
7566 27
7567 17
7568 29
7569 21
7570 20
7571 21
7572 26
7573 27
7574 23
7575 17
7576 29
7577 27
7578 22
7579 25
7580 30
7581 20
7582 32
7583 27
7584 18
7585 32
7586 23
7587 29
7588 23
7589 21
7590 22
7591 23
7592 30
7593 25
7594 26
7595 25
7596 23
7597 27
7598 16
7599 25
7600 33
7601 31
7602 20
7603 24
7604 20
7605 17
7606 27
7607 18
7608 24
7609 24
7610 23
7611 30
7612 25
7613 27
7614 17
7615 26
7616 23
7617 25
7618 22
7619 20
7620 21
7621 33
7622 27
7623 28
7624 18
7625 11
7626 31
7627 21
7628 20
7629 21
7630 22
7631 28
7632 22
7633 19
7634 16
7635 26
7636 17
7637 21
7638 32
7639 28
7640 24
7641 26
7642 27
7643 21
7644 23
7645 23
7646 24
7647 15
7648 30
7649 31
7650 31
7651 25
7652 23
7653 23
7654 25
7655 26
7656 26
7657 29
7658 19
7659 14
7660 32
7661 21
7662 18
7663 26
7664 25
7665 22
7666 28
7667 23
7668 28
7669 22
7670 28
7671 25
7672 20
7673 21
7674 29
7675 21
7676 26
7677 28
7678 21
7679 32
7680 28
7681 31
7682 24
7683 28
7684 25
7685 25
7686 26
7687 30
7688 20
7689 37
7690 24
7691 33
7692 27
7693 26
7694 32
7695 12
7696 31
7697 21
7698 30
7699 31
7700 20
7701 30
7702 27
7703 24
7704 17
7705 26
7706 20
7707 19
7708 20
7709 24
7710 30
7711 18
7712 26
7713 38
7714 18
7715 22
7716 20
7717 25
7718 27
7719 19
7720 28
7721 16
7722 18
7723 22
7724 26
7725 19
7726 27
7727 27
7728 21
7729 23
7730 29
7731 18
7732 19
7733 18
7734 18
7735 24
7736 14
7737 30
7738 28
7739 27
7740 25
7741 33
7742 28
7743 30
7744 26
7745 28
7746 22
7747 20
7748 23
7749 18
7750 13
7751 23
7752 27
7753 17
7754 23
7755 19
7756 23
7757 26
7758 21
7759 24
7760 29
7761 24
7762 14
7763 22
7764 30
7765 22
7766 28
7767 25
7768 22
7769 25
7770 35
7771 28
7772 22
7773 14
7774 23
7775 17
7776 24
7777 21
7778 24
7779 24
7780 27
7781 13
7782 23
7783 21
7784 34
7785 20
7786 17
7787 16
7788 16
7789 30
7790 20
7791 13
7792 22
7793 27
7794 14
7795 26
7796 20
7797 12
7798 23
7799 26
7800 25
7801 22
7802 23
7803 21
7804 26
7805 27
7806 18
7807 29
7808 31
7809 21
7810 24
7811 25
7812 30
7813 27
7814 19
7815 26
7816 30
7817 22
7818 19
7819 19
7820 26
7821 20
7822 30
7823 29
7824 25
7825 23
7826 22
7827 18
7828 24
7829 21
7830 25
7831 25
7832 27
7833 32
7834 22
7835 30
7836 13
7837 20
7838 26
7839 20
7840 27
7841 31
7842 28
7843 27
7844 23
7845 31
7846 20
7847 27
7848 26
7849 33
7850 27
7851 26
7852 24
7853 29
7854 23
7855 24
7856 18
7857 18
7858 22
7859 27
7860 14
7861 23
7862 24
7863 27
7864 25
7865 19
7866 21
7867 24
7868 22
7869 27
7870 14
7871 24
7872 21
7873 24
7874 28
7875 26
7876 21
7877 28
7878 20
7879 19
7880 18
7881 20
7882 13
7883 24
7884 26
7885 20
7886 23
7887 26
7888 29
7889 16
7890 24
7891 26
7892 18
7893 29
7894 27
7895 21
7896 27
7897 30
7898 16
7899 26
7900 31
7901 23
7902 20
7903 25
7904 32
7905 21
7906 20
7907 20
7908 22
7909 17
7910 24
7911 25
7912 29
7913 17
7914 15
7915 25
7916 20
7917 28
7918 22
7919 33
7920 30
7921 22
7922 30
7923 24
7924 32
7925 21
7926 23
7927 21
7928 24
7929 22
7930 26
7931 21
7932 22
7933 35
7934 28
7935 21
7936 26
7937 29
7938 20
7939 26
7940 20
7941 22
7942 24
7943 26
7944 33
7945 23
7946 17
7947 24
7948 20
7949 21
7950 30
7951 31
7952 32
7953 23
7954 23
7955 23
7956 26
7957 20
7958 20
7959 22
7960 27
7961 22
7962 26
7963 29
7964 17
7965 21
7966 25
7967 26
7968 23
7969 25
7970 33
7971 15
7972 22
7973 24
7974 25
7975 21
7976 25
7977 24
7978 21
7979 20
7980 20
7981 21
7982 31
7983 25
7984 21
7985 27
7986 27
7987 27
7988 29
7989 15
7990 23
7991 20
7992 31
7993 20
7994 28
7995 24
7996 26
7997 25
7998 30
7999 16
8000 20
8001 18
8002 20
8003 26
8004 16
8005 22
8006 25
8007 23
8008 19
8009 22
8010 26
8011 27
8012 20
8013 26
8014 30
8015 21
8016 18
8017 19
8018 21
8019 33
8020 30
8021 22
8022 32
8023 31
8024 23
8025 35
8026 24
8027 24
8028 20
8029 22
8030 17
8031 20
8032 23
8033 25
8034 27
8035 20
8036 17
8037 29
8038 24
8039 21
8040 20
8041 23
8042 26
8043 21
8044 21
8045 25
8046 23
8047 11
8048 22
8049 23
8050 20
8051 20
8052 30
8053 25
8054 15
8055 25
8056 28
8057 13
8058 21
8059 26
8060 14
8061 25
8062 23
8063 27
8064 16
8065 25
8066 30
8067 22
8068 27
8069 27
8070 25
8071 16
8072 22
8073 23
8074 34
8075 19
8076 17
8077 20
8078 25
8079 27
8080 22
8081 18
8082 21
8083 19
8084 31
8085 28
8086 16
8087 28
8088 17
8089 34
8090 19
8091 17
8092 22
8093 28
8094 23
8095 23
8096 21
8097 26
8098 19
8099 21
8100 28
8101 29
8102 23
8103 24
8104 21
8105 19
8106 23
8107 19
8108 15
8109 28
8110 25
8111 26
8112 24
8113 28
8114 26
8115 18
8116 20
8117 23
8118 29
8119 15
8120 28
8121 36
8122 23
8123 23
8124 15
8125 22
8126 19
8127 25
8128 20
8129 28
8130 21
8131 25
8132 21
8133 26
8134 18
8135 21
8136 22
8137 26
8138 24
8139 21
8140 22
8141 23
8142 19
8143 16
8144 12
8145 27
8146 21
8147 20
8148 19
8149 20
8150 24
8151 23
8152 21
8153 15
8154 23
8155 22
8156 15
8157 11
8158 17
8159 23
8160 30
8161 22
8162 26
8163 18
8164 25
8165 20
8166 21
8167 25
8168 22
8169 30
8170 20
8171 20
8172 25
8173 24
8174 24
8175 22
8176 19
8177 24
8178 20
8179 19
8180 33
8181 17
8182 16
8183 26
8184 21
8185 16
8186 24
8187 20
8188 21
8189 18
8190 23
8191 18
8192 27
8193 20
8194 18
8195 20
8196 21
8197 22
8198 23
8199 24
8200 23
8201 20
8202 31
8203 27
8204 26
8205 25
8206 13
8207 22
8208 16
8209 27
8210 31
8211 23
8212 19
8213 24
8214 17
8215 27
8216 17
8217 27
8218 29
8219 28
8220 24
8221 19
8222 27
8223 19
8224 28
8225 28
8226 21
8227 17
8228 20
8229 23
8230 25
8231 23
8232 20
8233 15
8234 26
8235 31
8236 19
8237 28
8238 17
8239 12
8240 15
8241 29
8242 16
8243 26
8244 25
8245 19
8246 24
8247 22
8248 21
8249 22
8250 25
8251 19
8252 23
8253 23
8254 28
8255 20
8256 23
8257 18
8258 20
8259 23
8260 23
8261 24
8262 24
8263 20
8264 24
8265 30
8266 18
8267 29
8268 15
8269 31
8270 24
8271 21
8272 21
8273 20
8274 28
8275 19
8276 23
8277 23
8278 21
8279 13
8280 19
8281 18
8282 23
8283 22
8284 21
8285 21
8286 15
8287 28
8288 24
8289 19
8290 26
8291 20
8292 27
8293 14
8294 21
8295 15
8296 26
8297 22
8298 19
8299 17
8300 20
8301 22
8302 22
8303 23
8304 22
8305 15
8306 27
8307 22
8308 15
8309 22
8310 24
8311 26
8312 21
8313 19
8314 23
8315 17
8316 17
8317 23
8318 24
8319 24
8320 29
8321 31
8322 20
8323 25
8324 22
8325 24
8326 25
8327 21
8328 23
8329 19
8330 21
8331 20
8332 22
8333 31
8334 18
8335 24
8336 31
8337 24
8338 20
8339 27
8340 21
8341 21
8342 19
8343 14
8344 23
8345 26
8346 20
8347 27
8348 19
8349 30
8350 23
8351 13
8352 14
8353 19
8354 32
8355 23
8356 17
8357 23
8358 18
8359 15
8360 20
8361 20
8362 23
8363 22
8364 11
8365 19
8366 22
8367 24
8368 18
8369 21
8370 16
8371 25
8372 22
8373 21
8374 27
8375 28
8376 17
8377 18
8378 26
8379 21
8380 24
8381 21
8382 22
8383 25
8384 17
8385 18
8386 24
8387 26
8388 13
8389 11
8390 18
8391 21
8392 21
8393 29
8394 20
8395 15
8396 33
8397 22
8398 19
8399 20
8400 24
8401 23
8402 32
8403 19
8404 19
8405 23
8406 14
8407 21
8408 21
8409 22
8410 18
8411 25
8412 17
8413 26
8414 27
8415 29
8416 17
8417 26
8418 23
8419 22
8420 23
8421 25
8422 24
8423 25
8424 20
8425 18
8426 19
8427 23
8428 20
8429 21
8430 19
8431 19
8432 25
8433 14
8434 26
8435 19
8436 27
8437 21
8438 23
8439 17
8440 23
8441 22
8442 20
8443 21
8444 23
8445 19
8446 28
8447 17
8448 29
8449 28
8450 24
8451 19
8452 25
8453 27
8454 29
8455 28
8456 29
8457 21
8458 23
8459 23
8460 27
8461 28
8462 23
8463 17
8464 21
8465 31
8466 25
8467 18
8468 15
8469 14
8470 29
8471 20
8472 20
8473 28
8474 25
8475 24
8476 18
8477 23
8478 21
8479 22
8480 24
8481 27
8482 19
8483 15
8484 21
8485 25
8486 30
8487 15
8488 16
8489 19
8490 19
8491 28
8492 23
8493 20
8494 19
8495 24
8496 20
8497 30
8498 20
8499 22
8500 25
8501 19
8502 25
8503 28
8504 32
8505 13
8506 28
8507 26
8508 21
8509 24
8510 25
8511 27
8512 18
8513 24
8514 18
8515 20
8516 33
8517 24
8518 23
8519 33
8520 29
8521 20
8522 14
8523 20
8524 22
8525 17
8526 15
8527 23
8528 27
8529 23
8530 28
8531 18
8532 20
8533 32
8534 24
8535 25
8536 15
8537 16
8538 22
8539 18
8540 26
8541 27
8542 24
8543 16
8544 21
8545 23
8546 14
8547 21
8548 21
8549 14
8550 28
8551 23
8552 21
8553 16
8554 21
8555 25
8556 22
8557 18
8558 25
8559 14
8560 16
8561 22
8562 21
8563 28
8564 19
8565 26
8566 26
8567 21
8568 27
8569 18
8570 31
8571 19
8572 26
8573 29
8574 25
8575 28
8576 22
8577 33
8578 21
8579 18
8580 20
8581 21
8582 22
8583 14
8584 22
8585 15
8586 25
8587 17
8588 19
8589 24
8590 21
8591 16
8592 25
8593 26
8594 13
8595 20
8596 22
8597 33
8598 12
8599 17
8600 25
8601 24
8602 17
8603 37
8604 21
8605 25
8606 16
8607 12
8608 18
8609 21
8610 9
8611 20
8612 21
8613 21
8614 17
8615 21
8616 22
8617 16
8618 24
8619 17
8620 15
8621 15
8622 18
8623 17
8624 20
8625 25
8626 26
8627 27
8628 27
8629 18
8630 14
8631 17
8632 12
8633 31
8634 20
8635 19
8636 22
8637 19
8638 25
8639 18
8640 21
8641 26
8642 23
8643 25
8644 22
8645 14
8646 24
8647 21
8648 23
8649 18
8650 12
8651 26
8652 21
8653 20
8654 24
8655 17
8656 20
8657 19
8658 15
8659 28
8660 30
8661 28
8662 28
8663 22
8664 15
8665 30
8666 23
8667 21
8668 14
8669 20
8670 30
8671 20
8672 21
8673 21
8674 17
8675 15
8676 20
8677 16
8678 12
8679 28
8680 18
8681 19
8682 18
8683 13
8684 23
8685 18
8686 22
8687 23
8688 26
8689 20
8690 15
8691 17
8692 16
8693 29
8694 26
8695 14
8696 22
8697 20
8698 15
8699 21
8700 24
8701 23
8702 24
8703 16
8704 21
8705 13
8706 20
8707 19
8708 18
8709 15
8710 22
8711 16
8712 16
8713 21
8714 18
8715 24
8716 17
8717 24
8718 23
8719 10
8720 22
8721 15
8722 10
8723 28
8724 27
8725 20
8726 22
8727 14
8728 22
8729 21
8730 21
8731 10
8732 22
8733 16
8734 22
8735 24
8736 17
8737 22
8738 18
8739 17
8740 21
8741 17
8742 21
8743 14
8744 23
8745 19
8746 29
8747 30
8748 14
8749 25
8750 20
8751 17
8752 23
8753 22
8754 30
8755 15
8756 26
8757 17
8758 19
8759 21
8760 21
8761 24
8762 17
8763 16
8764 21
8765 19
8766 23
8767 21
8768 19
8769 20
8770 17
8771 23
8772 19
8773 23
8774 10
8775 17
8776 13
8777 16
8778 23
8779 18
8780 18
8781 17
8782 24
8783 17
8784 25
8785 22
8786 16
8787 12
8788 14
8789 23
8790 16
8791 22
8792 17
8793 19
8794 20
8795 20
8796 30
8797 20
8798 27
8799 19
8800 17
8801 22
8802 18
8803 25
8804 15
8805 20
8806 19
8807 17
8808 20
8809 15
8810 17
8811 19
8812 19
8813 22
8814 25
8815 15
8816 26
8817 21
8818 24
8819 21
8820 20
8821 21
8822 17
8823 22
8824 15
8825 16
8826 19
8827 26
8828 26
8829 17
8830 17
8831 23
8832 10
8833 26
8834 24
8835 21
8836 25
8837 18
8838 21
8839 19
8840 20
8841 13
8842 25
8843 17
8844 17
8845 17
8846 18
8847 17
8848 19
8849 21
8850 17
8851 21
8852 33
8853 16
8854 15
8855 15
8856 10
8857 20
8858 14
8859 14
8860 26
8861 19
8862 18
8863 15
8864 16
8865 26
8866 14
8867 16
8868 27
8869 10
8870 15
8871 19
8872 21
8873 21
8874 15
8875 37
8876 18
8877 21
8878 18
8879 20
8880 20
8881 29
8882 15
8883 18
8884 14
8885 17
8886 13
8887 27
8888 14
8889 15
8890 14
8891 28
8892 14
8893 24
8894 18
8895 16
8896 20
8897 17
8898 12
8899 17
8900 19
8901 19
8902 24
8903 17
8904 18
8905 15
8906 21
8907 20
8908 13
8909 24
8910 19
8911 16
8912 16
8913 11
8914 19
8915 25
8916 28
8917 15
8918 18
8919 10
8920 17
8921 17
8922 14
8923 16
8924 13
8925 17
8926 20
8927 17
8928 25
8929 18
8930 14
8931 24
8932 22
8933 22
8934 15
8935 21
8936 17
8937 21
8938 22
8939 17
8940 16
8941 16
8942 19
8943 20
8944 15
8945 20
8946 31
8947 17
8948 23
8949 14
8950 13
8951 12
8952 21
8953 11
8954 21
8955 18
8956 12
8957 14
8958 17
8959 21
8960 8
8961 20
8962 20
8963 19
8964 10
8965 18
8966 20
8967 18
8968 17
8969 21
8970 13
8971 17
8972 19
8973 13
8974 12
8975 20
8976 16
8977 19
8978 19
8979 23
8980 15
8981 22
8982 18
8983 19
8984 14
8985 18
8986 27
8987 26
8988 16
8989 19
8990 25
8991 19
8992 20
8993 19
8994 11
8995 14
8996 8
8997 25
8998 21
8999 15
9000 18
9001 21
9002 16
9003 15
9004 14
9005 17
9006 23
9007 10
9008 16
9009 20
9010 29
9011 19
9012 13
9013 18
9014 21
9015 16
9016 25
9017 17
9018 17
9019 21
9020 21
9021 21
9022 18
9023 18
9024 22
9025 17
9026 14
9027 11
9028 18
9029 16
9030 16
9031 24
9032 20
9033 21
9034 16
9035 26
9036 18
9037 22
9038 17
9039 23
9040 19
9041 15
9042 14
9043 14
9044 23
9045 25
9046 18
9047 9
9048 16
9049 22
9050 16
9051 15
9052 23
9053 12
9054 13
9055 20
9056 22
9057 22
9058 19
9059 19
9060 20
9061 24
9062 16
9063 12
9064 16
9065 7
9066 20
9067 22
9068 18
9069 17
9070 18
9071 14
9072 21
9073 16
9074 17
9075 14
9076 18
9077 16
9078 22
9079 23
9080 18
9081 24
9082 11
9083 9
9084 15
9085 17
9086 17
9087 18
9088 15
9089 12
9090 20
9091 17
9092 16
9093 19
9094 22
9095 20
9096 21
9097 16
9098 25
9099 14
9100 18
9101 17
9102 18
9103 18
9104 24
9105 22
9106 23
9107 17
9108 23
9109 15
9110 28
9111 22
9112 23
9113 14
9114 15
9115 9
9116 25
9117 19
9118 22
9119 15
9120 17
9121 19
9122 20
9123 14
9124 15
9125 9
9126 23
9127 22
9128 16
9129 17
9130 24
9131 21
9132 19
9133 20
9134 23
9135 17
9136 17
9137 15
9138 13
9139 19
9140 19
9141 28
9142 19
9143 21
9144 15
9145 13
9146 19
9147 19
9148 14
9149 14
9150 23
9151 20
9152 15
9153 25
9154 20
9155 15
9156 15
9157 22
9158 20
9159 20
9160 20
9161 22
9162 22
9163 16
9164 18
9165 23
9166 16
9167 19
9168 17
9169 14
9170 11
9171 17
9172 12
9173 16
9174 21
9175 18
9176 29
9177 20
9178 11
9179 16
9180 12
9181 26
9182 15
9183 21
9184 15
9185 20
9186 18
9187 25
9188 19
9189 19
9190 16
9191 18
9192 20
9193 22
9194 18
9195 17
9196 12
9197 16
9198 24
9199 20
9200 14
9201 26
9202 20
9203 23
9204 16
9205 16
9206 21
9207 19
9208 10
9209 17
9210 23
9211 21
9212 23
9213 22
9214 12
9215 15
9216 13
9217 26
9218 17
9219 18
9220 13
9221 13
9222 26
9223 22
9224 17
9225 24
9226 19
9227 17
9228 20
9229 17
9230 12
9231 21
9232 12
9233 20
9234 19
9235 19
9236 19
9237 19
9238 15
9239 22
9240 22
9241 12
9242 23
9243 14
9244 11
9245 20
9246 16
9247 18
9248 12
9249 19
9250 19
9251 16
9252 17
9253 9
9254 16
9255 14
9256 18
9257 23
9258 19
9259 21
9260 12
9261 16
9262 18
9263 19
9264 12
9265 17
9266 14
9267 17
9268 21
9269 20
9270 21
9271 17
9272 23
9273 23
9274 16
9275 18
9276 14
9277 23
9278 16
9279 16
9280 21
9281 15
9282 18
9283 16
9284 27
9285 30
9286 24
9287 9
9288 15
9289 14
9290 17
9291 17
9292 28
9293 19
9294 24
9295 17
9296 16
9297 14
9298 20
9299 25
9300 15
9301 17
9302 16
9303 21
9304 17
9305 22
9306 29
9307 17
9308 24
9309 19
9310 22
9311 21
9312 18
9313 19
9314 15
9315 20
9316 16
9317 15
9318 21
9319 18
9320 27
9321 18
9322 10
9323 27
9324 18
9325 17
9326 16
9327 20
9328 13
9329 21
9330 14
9331 17
9332 17
9333 18
9334 22
9335 9
9336 19
9337 18
9338 25
9339 17
9340 22
9341 19
9342 24
9343 19
9344 21
9345 15
9346 19
9347 16
9348 21
9349 15
9350 17
9351 17
9352 26
9353 15
9354 17
9355 18
9356 27
9357 14
9358 22
9359 22
9360 15
9361 14
9362 23
9363 15
9364 19
9365 17
9366 20
9367 18
9368 22
9369 16
9370 15
9371 17
9372 23
9373 18
9374 24
9375 26
9376 17
9377 15
9378 8
9379 15
9380 20
9381 13
9382 17
9383 18
9384 18
9385 14
9386 17
9387 14
9388 18
9389 17
9390 15
9391 20
9392 32
9393 11
9394 22
9395 18
9396 12
9397 14
9398 24
9399 17
9400 22
9401 17
9402 18
9403 18
9404 24
9405 9
9406 15
9407 18
9408 13
9409 16
9410 23
9411 20
9412 28
9413 12
9414 14
9415 14
9416 20
9417 19
9418 19
9419 17
9420 15
9421 21
9422 18
9423 23
9424 15
9425 26
9426 21
9427 15
9428 14
9429 17
9430 15
9431 13
9432 21
9433 21
9434 12
9435 13
9436 10
9437 25
9438 18
9439 24
9440 24
9441 19
9442 15
9443 14
9444 14
9445 20
9446 18
9447 16
9448 10
9449 20
9450 18
9451 22
9452 17
9453 23
9454 13
9455 19
9456 16
9457 11
9458 14
9459 20
9460 13
9461 31
9462 18
9463 25
9464 18
9465 23
9466 18
9467 19
9468 23
9469 19
9470 19
9471 19
9472 11
9473 15
9474 16
9475 18
9476 18
9477 13
9478 15
9479 10
9480 16
9481 16
9482 16
9483 10
9484 16
9485 21
9486 17
9487 15
9488 14
9489 19
9490 25
9491 18
9492 8
9493 12
9494 13
9495 15
9496 13
9497 11
9498 13
9499 20
9500 19
9501 23
9502 18
9503 13
9504 16
9505 16
9506 15
9507 20
9508 16
9509 15
9510 14
9511 14
9512 22
9513 18
9514 15
9515 17
9516 25
9517 17
9518 11
9519 14
9520 11
9521 23
9522 15
9523 13
9524 16
9525 22
9526 14
9527 24
9528 13
9529 11
9530 13
9531 17
9532 15
9533 14
9534 12
9535 12
9536 7
9537 17
9538 15
9539 10
9540 15
9541 26
9542 28
9543 19
9544 17
9545 22
9546 16
9547 12
9548 9
9549 13
9550 21
9551 7
9552 11
9553 13
9554 20
9555 20
9556 19
9557 16
9558 17
9559 11
9560 19
9561 14
9562 17
9563 13
9564 16
9565 16
9566 19
9567 11
9568 20
9569 16
9570 15
9571 13
9572 17
9573 12
9574 18
9575 9
9576 15
9577 13
9578 19
9579 11
9580 9
9581 18
9582 12
9583 24
9584 19
9585 24
9586 18
9587 13
9588 20
9589 8
9590 19
9591 17
9592 23
9593 19
9594 14
9595 19
9596 9
9597 12
9598 12
9599 18
9600 14
9601 18
9602 16
9603 14
9604 14
9605 6
9606 19
9607 21
9608 15
9609 23
9610 18
9611 16
9612 16
9613 13
9614 21
9615 15
9616 15
9617 23
9618 14
9619 19
9620 18
9621 13
9622 7
9623 17
9624 16
9625 14
9626 25
9627 15
9628 13
9629 14
9630 14
9631 17
9632 13
9633 13
9634 14
9635 25
9636 20
9637 14
9638 20
9639 17
9640 14
9641 12
9642 22
9643 15
9644 21
9645 18
9646 13
9647 9
9648 15
9649 14
9650 15
9651 16
9652 17
9653 15
9654 14
9655 13
9656 10
9657 12
9658 23
9659 16
9660 14
9661 23
9662 19
9663 15
9664 12
9665 12
9666 11
9667 23
9668 15
9669 18
9670 15
9671 11
9672 11
9673 16
9674 15
9675 20
9676 16
9677 4
9678 17
9679 11
9680 16
9681 14
9682 19
9683 18
9684 20
9685 23
9686 8
9687 12
9688 17
9689 17
9690 18
9691 15
9692 22
9693 15
9694 17
9695 17
9696 14
9697 15
9698 10
9699 21
9700 15
9701 13
9702 18
9703 13
9704 9
9705 7
9706 17
9707 13
9708 18
9709 17
9710 17
9711 12
9712 19
9713 22
9714 9
9715 17
9716 17
9717 18
9718 17
9719 17
9720 8
9721 20
9722 17
9723 13
9724 21
9725 16
9726 16
9727 12
9728 21
9729 26
9730 16
9731 12
9732 20
9733 18
9734 16
9735 21
9736 17
9737 25
9738 19
9739 23
9740 15
9741 12
9742 20
9743 15
9744 10
9745 17
9746 18
9747 12
9748 12
9749 20
9750 19
9751 19
9752 18
9753 18
9754 14
9755 17
9756 21
9757 18
9758 21
9759 10
9760 15
9761 15
9762 14
9763 19
9764 23
9765 11
9766 16
9767 19
9768 13
9769 15
9770 14
9771 14
9772 12
9773 20
9774 17
9775 13
9776 13
9777 12
9778 9
9779 17
9780 17
9781 20
9782 16
9783 19
9784 9
9785 14
9786 23
9787 11
9788 14
9789 14
9790 9
9791 21
9792 16
9793 17
9794 19
9795 18
9796 15
9797 16
9798 14
9799 14
9800 12
9801 12
9802 20
9803 17
9804 15
9805 13
9806 16
9807 21
9808 13
9809 11
9810 17
9811 16
9812 15
9813 18
9814 19
9815 14
9816 16
9817 18
9818 17
9819 16
9820 20
9821 18
9822 14
9823 15
9824 13
9825 21
9826 22
9827 16
9828 15
9829 18
9830 18
9831 7
9832 17
9833 16
9834 13
9835 18
9836 21
9837 21
9838 21
9839 16
9840 13
9841 15
9842 10
9843 9
9844 11
9845 19
9846 26
9847 14
9848 14
9849 16
9850 26
9851 18
9852 17
9853 13
9854 12
9855 14
9856 14
9857 15
9858 13
9859 16
9860 16
9861 16
9862 19
9863 19
9864 12
9865 23
9866 15
9867 9
9868 11
9869 21
9870 10
9871 20
9872 14
9873 17
9874 18
9875 8
9876 17
9877 17
9878 16
9879 18
9880 15
9881 17
9882 14
9883 17
9884 25
9885 20
9886 23
9887 8
9888 19
9889 18
9890 10
9891 16
9892 21
9893 19
9894 16
9895 16
9896 15
9897 15
9898 18
9899 14
9900 13
9901 19
9902 14
9903 24
9904 17
9905 11
9906 22
9907 15
9908 13
9909 18
9910 8
9911 16
9912 25
9913 13
9914 15
9915 10
9916 22
9917 21
9918 20
9919 15
9920 9
9921 20
9922 19
9923 21
9924 16
9925 14
9926 16
9927 15
9928 24
9929 16
9930 14
9931 17
9932 15
9933 13
9934 17
9935 14
9936 14
9937 17
9938 17
9939 22
9940 20
9941 17
9942 20
9943 12
9944 10
9945 14
9946 16
9947 19
9948 22
9949 20
9950 12
9951 15
9952 26
9953 20
9954 22
9955 16
9956 16
9957 20
9958 18
9959 22
9960 17
9961 22
9962 18
9963 14
9964 17
9965 10
9966 13
9967 21
9968 16
9969 18
9970 18
9971 11
9972 19
9973 15
9974 12
9975 20
9976 19
9977 17
9978 16
9979 15
9980 20
9981 14
9982 12
9983 10
9984 23
9985 20
9986 13
9987 14
9988 15
9989 19
9990 16
9991 11
9992 15
9993 7
9994 14
9995 28
9996 14
9997 9
9998 18
9999 15
10000 11
10001 231517
