1 591838996
2 19733671
3 5728434
4 2781528
5 1635632
6 1097101
7 849100
8 759462
9 802750
10 992579
11 1384477
12 2066129
13 3141196
14 4724065
15 6926777
16 9756428
17 13218257
18 17191990
19 21412498
20 25641512
21 29556940
22 32793990
23 35071586
24 36219349
25 36196337
26 35018385
27 32877511
28 29942786
29 26527700
30 22868854
31 19208840
32 15759040
33 12640677
34 9939866
35 7681118
36 5873917
37 4456310
38 3401070
39 2638144
40 2112832
41 1769920
42 1559237
43 1445174
44 1399742
45 1388675
46 1399098
47 1414295
48 1430860
49 1434653
50 1421005
51 1395640
52 1357989
53 1304595
54 1241635
55 1168969
56 1091324
57 1007869
58 926613
59 845887
60 771032
61 705274
62 642730
63 589109
64 543417
65 505717
66 476014
67 449871
68 429075
69 413676
70 399984
71 391832
72 385751
73 377292
74 370912
75 364134
76 358353
77 351012
78 341479
79 332602
80 323530
81 314191
82 301630
83 290859
84 279619
85 269047
86 257377
87 247804
88 237239
89 226788
90 218281
91 209456
92 203590
93 196412
94 190763
95 186290
96 181411
97 177702
98 173656
99 169698
100 166279
101 162875
102 159908
103 156219
104 152196
105 149691
106 144693
107 141459
108 137785
109 134504
110 131214
111 127484
112 124974
113 121820
114 118915
115 115465
116 112816
117 110445
118 108719
119 104929
120 102893
121 99552
122 97664
123 95870
124 93565
125 91990
126 90382
127 89147
128 87360
129 85569
130 83776
131 82233
132 81209
133 79152
134 78155
135 76696
136 74692
137 74192
138 72450
139 70403
140 68899
141 67778
142 66641
143 65357
144 64104
145 63046
146 61383
147 60964
148 59933
149 59120
150 57584
151 56942
152 56080
153 55290
154 54472
155 53376
156 52576
157 51865
158 50943
159 50259
160 49877
161 48447
162 48083
163 47458
164 47176
165 45781
166 45700
167 44762
168 44188
169 43704
170 42571
171 42183
172 41197
173 41066
174 40237
175 39108
176 38868
177 38518
178 37617
179 37195
180 37207
181 36299
182 35736
183 35469
184 34581
185 34449
186 33749
187 33634
188 32958
189 32534
190 32139
191 31778
192 31557
193 31069
194 30323
195 30381
196 29992
197 29440
198 29247
199 28823
200 28242
201 27889
202 27581
203 27430
204 27239
205 26615
206 26655
207 25849
208 25709
209 25392
210 24956
211 24913
212 24704
213 24206
214 23831
215 23952
216 23577
217 23278
218 22996
219 23011
220 22516
221 22164
222 22310
223 21990
224 22001
225 21575
226 21195
227 20871
228 20940
229 20559
230 20276
231 20024
232 20085
233 19554
234 19476
235 19393
236 19162
237 18961
238 18814
239 18723
240 18346
241 18308
242 17753
243 17718
244 17568
245 17443
246 17345
247 17335
248 16697
249 16794
250 16685
251 16489
252 16206
253 16181
254 16006
255 15802
256 15856
257 15607
258 15454
259 15290
260 15183
261 14792
262 14771
263 14526
264 14707
265 14517
266 14519
267 14543
268 14190
269 13814
270 13976
271 13811
272 13739
273 13707
274 13581
275 13417
276 13429
277 13307
278 13204
279 13252
280 13147
281 12966
282 12612
283 12850
284 12400
285 12542
286 12251
287 12207
288 12201
289 11780
290 11887
291 11885
292 11768
293 11541
294 11487
295 11477
296 11292
297 11248
298 11265
299 11173
300 11069
301 10783
302 11093
303 10975
304 10738
305 10513
306 10592
307 10295
308 10378
309 10254
310 10040
311 10009
312 10047
313 9964
314 9816
315 9911
316 10002
317 9788
318 9782
319 9593
320 9441
321 9264
322 9454
323 9196
324 9215
325 9174
326 8948
327 8835
328 8812
329 8789
330 8646
331 8550
332 8524
333 8543
334 8480
335 8435
336 8342
337 8245
338 8052
339 8117
340 8067
341 7838
342 8010
343 7898
344 7799
345 7874
346 7894
347 7694
348 7721
349 7819
350 7715
351 7780
352 7502
353 7369
354 7350
355 7292
356 7358
357 7335
358 7236
359 7103
360 6996
361 6867
362 6932
363 7010
364 6858
365 6728
366 6641
367 6786
368 6796
369 6620
370 6466
371 6585
372 6562
373 6464
374 6528
375 6564
376 6288
377 6334
378 6304
379 6139
380 6185
381 6258
382 6050
383 6104
384 6006
385 5978
386 5923
387 5864
388 5878
389 5737
390 5735
391 5746
392 5728
393 5721
394 5779
395 5500
396 5506
397 5482
398 5556
399 5554
400 5604
401 5448
402 5379
403 5433
404 5267
405 5458
406 5257
407 5267
408 5169
409 5045
410 5182
411 5077
412 5129
413 4928
414 4990
415 4777
416 4806
417 4965
418 4945
419 4972
420 4850
421 4805
422 4740
423 4694
424 4694
425 4621
426 4641
427 4703
428 4664
429 4713
430 4549
431 4618
432 4634
433 4632
434 4584
435 4541
436 4376
437 4462
438 4376
439 4521
440 4441
441 4381
442 4344
443 4273
444 4403
445 4249
446 4253
447 4241
448 4307
449 4143
450 4121
451 4147
452 4121
453 4086
454 4111
455 4056
456 4018
457 4026
458 3932
459 3936
460 3981
461 3980
462 3816
463 3856
464 3994
465 3903
466 3907
467 3999
468 3897
469 3804
470 3895
471 3880
472 3757
473 3742
474 3699
475 3633
476 3821
477 3744
478 3616
479 3579
480 3727
481 3610
482 3641
483 3579
484 3619
485 3516
486 3496
487 3526
488 3436
489 3493
490 3551
491 3465
492 3428
493 3375
494 3324
495 3473
496 3432
497 3337
498 3399
499 3372
500 3320
501 3479
502 3440
503 3341
504 3287
505 3328
506 3302
507 3180
508 3234
509 3193
510 3214
511 3142
512 3256
513 3168
514 3233
515 3234
516 3221
517 3166
518 3071
519 3166
520 3171
521 3036
522 3265
523 3132
524 3062
525 3136
526 3139
527 3065
528 3048
529 2916
530 3015
531 3027
532 3101
533 2958
534 3061
535 3016
536 2965
537 2923
538 2982
539 2898
540 2981
541 2958
542 2903
543 2887
544 2821
545 2946
546 2797
547 2841
548 2837
549 2799
550 2909
551 2741
552 2720
553 2741
554 2719
555 2667
556 2813
557 2762
558 2692
559 2636
560 2642
561 2697
562 2648
563 2549
564 2754
565 2705
566 2643
567 2629
568 2612
569 2627
570 2718
571 2680
572 2602
573 2592
574 2626
575 2505
576 2619
577 2622
578 2533
579 2524
580 2526
581 2569
582 2562
583 2569
584 2520
585 2377
586 2612
587 2440
588 2456
589 2443
590 2442
591 2459
592 2437
593 2578
594 2512
595 2441
596 2510
597 2549
598 2540
599 2519
600 2457
601 2538
602 2508
603 2471
604 2467
605 2575
606 2524
607 2414
608 2458
609 2449
610 2481
611 2491
612 2465
613 2457
614 2490
615 2538
616 2415
617 2447
618 2449
619 2479
620 2530
621 2431
622 2420
623 2466
624 2385
625 2425
626 2408
627 2378
628 2427
629 2355
630 2415
631 2393
632 2448
633 2404
634 2524
635 2525
636 2535
637 2516
638 2424
639 2400
640 2544
641 2481
642 2386
643 2465
644 2487
645 2493
646 2533
647 2472
648 2524
649 2492
650 2498
651 2554
652 2434
653 2441
654 2509
655 2491
656 2490
657 2501
658 2515
659 2552
660 2368
661 2510
662 2538
663 2601
664 2583
665 2528
666 2512
667 2569
668 2523
669 2569
670 2521
671 2663
672 2666
673 2615
674 2524
675 2531
676 2574
677 2613
678 2676
679 2674
680 2597
681 2604
682 2562
683 2661
684 2624
685 2626
686 2774
687 2661
688 2722
689 2666
690 2692
691 2611
692 2684
693 2602
694 2610
695 2697
696 2623
697 2665
698 2696
699 2712
700 2775
701 2738
702 2707
703 2721
704 2743
705 2813
706 2774
707 2741
708 2753
709 2679
710 2691
711 2708
712 2716
713 2706
714 2668
715 2718
716 2768
717 2769
718 2717
719 2779
720 2677
721 2808
722 2670
723 2713
724 2740
725 2793
726 2715
727 2735
728 2729
729 2700
730 2704
731 2797
732 2738
733 2810
734 2721
735 2779
736 2726
737 2698
738 2738
739 2675
740 2806
741 2623
742 2773
743 2693
744 2718
745 2815
746 2779
747 2864
748 2726
749 2847
750 2763
751 2820
752 2774
753 2856
754 2777
755 2821
756 2766
757 2858
758 2803
759 2766
760 2722
761 2695
762 2780
763 2784
764 2706
765 2784
766 2732
767 2677
768 2745
769 2620
770 2588
771 2696
772 2704
773 2747
774 2672
775 2736
776 2536
777 2585
778 2593
779 2590
780 2707
781 2675
782 2601
783 2659
784 2665
785 2670
786 2613
787 2665
788 2612
789 2606
790 2648
791 2614
792 2719
793 2614
794 2610
795 2530
796 2619
797 2613
798 2563
799 2584
800 2550
801 2571
802 2591
803 2565
804 2503
805 2565
806 2482
807 2573
808 2524
809 2560
810 2430
811 2514
812 2469
813 2432
814 2536
815 2400
816 2421
817 2393
818 2521
819 2389
820 2327
821 2360
822 2326
823 2389
824 2272
825 2335
826 2388
827 2339
828 2265
829 2313
830 2204
831 2221
832 2185
833 2257
834 2248
835 2241
836 2247
837 2267
838 2154
839 2176
840 2171
841 2099
842 2139
843 2078
844 2119
845 2102
846 2075
847 2119
848 2083
849 2014
850 2098
851 2032
852 2029
853 2086
854 1998
855 1961
856 2004
857 2018
858 2019
859 2021
860 1989
861 1971
862 1971
863 2018
864 1966
865 1968
866 1951
867 1984
868 1982
869 1897
870 1861
871 1913
872 1936
873 1864
874 1930
875 1853
876 1880
877 1833
878 1863
879 1796
880 1824
881 1867
882 1820
883 1750
884 1757
885 1831
886 1848
887 1797
888 1648
889 1688
890 1710
891 1732
892 1688
893 1676
894 1705
895 1663
896 1654
897 1624
898 1748
899 1581
900 1609
901 1576
902 1635
903 1642
904 1679
905 1630
906 1617
907 1527
908 1569
909 1551
910 1524
911 1598
912 1495
913 1598
914 1525
915 1476
916 1474
917 1498
918 1506
919 1456
920 1529
921 1487
922 1464
923 1403
924 1461
925 1461
926 1430
927 1421
928 1460
929 1455
930 1441
931 1407
932 1317
933 1349
934 1388
935 1359
936 1383
937 1368
938 1397
939 1298
940 1326
941 1388
942 1404
943 1327
944 1369
945 1350
946 1329
947 1303
948 1374
949 1283
950 1309
951 1313
952 1281
953 1308
954 1287
955 1273
956 1288
957 1219
958 1268
959 1216
960 1314
961 1155
962 1189
963 1197
964 1231
965 1202
966 1271
967 1204
968 1124
969 1174
970 1068
971 1148
972 1157
973 1115
974 1112
975 1190
976 1135
977 1105
978 1185
979 1156
980 1097
981 1067
982 1138
983 1053
984 1147
985 1111
986 1072
987 1117
988 1060
989 1146
990 1068
991 1066
992 1088
993 997
994 1047
995 1078
996 1022
997 1083
998 1038
999 1010
1000 1065
1001 1027
1002 1009
1003 987
1004 992
1005 1001
1006 964
1007 991
1008 960
1009 986
1010 1020
1011 986
1012 1052
1013 977
1014 968
1015 933
1016 927
1017 955
1018 960
1019 918
1020 953
1021 903
1022 961
1023 940
1024 986
1025 912
1026 946
1027 971
1028 847
1029 950
1030 896
1031 907
1032 899
1033 940
1034 909
1035 917
1036 917
1037 921
1038 893
1039 918
1040 916
1041 864
1042 887
1043 916
1044 906
1045 850
1046 860
1047 840
1048 847
1049 852
1050 845
1051 825
1052 819
1053 865
1054 845
1055 826
1056 820
1057 880
1058 826
1059 901
1060 856
1061 832
1062 835
1063 870
1064 824
1065 844
1066 822
1067 885
1068 765
1069 706
1070 806
1071 832
1072 790
1073 836
1074 794
1075 824
1076 856
1077 791
1078 785
1079 823
1080 812
1081 734
1082 787
1083 835
1084 809
1085 847
1086 764
1087 829
1088 840
1089 791
1090 763
1091 779
1092 760
1093 802
1094 766
1095 811
1096 753
1097 762
1098 754
1099 784
1100 805
1101 715
1102 780
1103 819
1104 779
1105 799
1106 749
1107 790
1108 724
1109 771
1110 761
1111 769
1112 737
1113 752
1114 764
1115 758
1116 750
1117 736
1118 714
1119 726
1120 766
1121 751
1122 793
1123 783
1124 768
1125 742
1126 759
1127 688
1128 696
1129 745
1130 711
1131 672
1132 708
1133 778
1134 732
1135 740
1136 715
1137 682
1138 753
1139 688
1140 712
1141 718
1142 718
1143 704
1144 680
1145 709
1146 687
1147 671
1148 698
1149 685
1150 724
1151 661
1152 682
1153 713
1154 707
1155 686
1156 653
1157 658
1158 667
1159 678
1160 617
1161 670
1162 684
1163 691
1164 678
1165 665
1166 682
1167 651
1168 699
1169 649
1170 675
1171 674
1172 694
1173 688
1174 678
1175 639
1176 643
1177 675
1178 635
1179 719
1180 660
1181 700
1182 608
1183 632
1184 648
1185 646
1186 676
1187 650
1188 687
1189 620
1190 644
1191 609
1192 649
1193 662
1194 592
1195 646
1196 625
1197 595
1198 643
1199 633
1200 600
1201 620
1202 640
1203 597
1204 618
1205 627
1206 596
1207 638
1208 562
1209 592
1210 584
1211 653
1212 657
1213 570
1214 631
1215 658
1216 637
1217 630
1218 595
1219 607
1220 627
1221 639
1222 609
1223 623
1224 603
1225 611
1226 597
1227 572
1228 617
1229 612
1230 580
1231 595
1232 590
1233 574
1234 567
1235 570
1236 549
1237 575
1238 572
1239 561
1240 578
1241 569
1242 573
1243 591
1244 599
1245 612
1246 554
1247 568
1248 576
1249 540
1250 566
1251 596
1252 546
1253 556
1254 539
1255 553
1256 579
1257 522
1258 562
1259 532
1260 539
1261 523
1262 523
1263 548
1264 523
1265 543
1266 521
1267 514
1268 523
1269 536
1270 512
1271 545
1272 547
1273 528
1274 546
1275 503
1276 504
1277 514
1278 532
1279 480
1280 496
1281 529
1282 543
1283 495
1284 533
1285 544
1286 496
1287 516
1288 525
1289 488
1290 499
1291 474
1292 522
1293 499
1294 515
1295 491
1296 508
1297 503
1298 498
1299 487
1300 522
1301 511
1302 527
1303 467
1304 497
1305 460
1306 497
1307 522
1308 510
1309 476
1310 511
1311 503
1312 509
1313 497
1314 473
1315 489
1316 520
1317 496
1318 476
1319 518
1320 542
1321 481
1322 483
1323 506
1324 461
1325 489
1326 461
1327 487
1328 488
1329 486
1330 513
1331 479
1332 454
1333 480
1334 522
1335 483
1336 462
1337 499
1338 494
1339 434
1340 452
1341 473
1342 468
1343 464
1344 492
1345 490
1346 504
1347 510
1348 465
1349 433
1350 459
1351 474
1352 479
1353 442
1354 459
1355 447
1356 462
1357 474
1358 478
1359 460
1360 487
1361 449
1362 432
1363 445
1364 472
1365 501
1366 428
1367 458
1368 460
1369 491
1370 470
1371 463
1372 409
1373 482
1374 452
1375 419
1376 453
1377 469
1378 452
1379 433
1380 450
1381 462
1382 479
1383 423
1384 418
1385 461
1386 473
1387 443
1388 453
1389 412
1390 442
1391 426
1392 413
1393 411
1394 415
1395 454
1396 415
1397 420
1398 397
1399 432
1400 408
1401 421
1402 416
1403 433
1404 386
1405 368
1406 400
1407 408
1408 417
1409 447
1410 453
1411 374
1412 411
1413 429
1414 394
1415 435
1416 347
1417 388
1418 402
1419 437
1420 412
1421 389
1422 405
1423 397
1424 415
1425 399
1426 424
1427 416
1428 374
1429 435
1430 414
1431 396
1432 380
1433 364
1434 375
1435 377
1436 388
1437 409
1438 408
1439 421
1440 359
1441 369
1442 380
1443 350
1444 350
1445 411
1446 376
1447 377
1448 431
1449 391
1450 375
1451 357
1452 404
1453 380
1454 346
1455 386
1456 369
1457 395
1458 390
1459 361
1460 339
1461 379
1462 376
1463 376
1464 379
1465 353
1466 326
1467 348
1468 381
1469 362
1470 356
1471 359
1472 357
1473 353
1474 334
1475 358
1476 364
1477 369
1478 372
1479 343
1480 349
1481 373
1482 364
1483 348
1484 376
1485 346
1486 370
1487 374
1488 400
1489 342
1490 379
1491 321
1492 322
1493 351
1494 359
1495 355
1496 385
1497 347
1498 366
1499 333
1500 338
1501 344
1502 331
1503 355
1504 319
1505 332
1506 352
1507 322
1508 341
1509 357
1510 340
1511 324
1512 323
1513 359
1514 311
1515 343
1516 328
1517 307
1518 322
1519 356
1520 310
1521 336
1522 358
1523 341
1524 326
1525 325
1526 318
1527 330
1528 324
1529 325
1530 331
1531 340
1532 330
1533 357
1534 354
1535 337
1536 329
1537 310
1538 318
1539 324
1540 331
1541 322
1542 315
1543 345
1544 309
1545 338
1546 297
1547 338
1548 329
1549 334
1550 313
1551 333
1552 297
1553 354
1554 368
1555 305
1556 307
1557 312
1558 305
1559 323
1560 306
1561 328
1562 311
1563 301
1564 330
1565 290
1566 326
1567 302
1568 303
1569 316
1570 295
1571 273
1572 326
1573 275
1574 325
1575 295
1576 314
1577 307
1578 302
1579 319
1580 300
1581 324
1582 303
1583 301
1584 302
1585 293
1586 283
1587 293
1588 319
1589 297
1590 283
1591 307
1592 290
1593 322
1594 314
1595 303
1596 281
1597 327
1598 301
1599 286
1600 290
1601 273
1602 296
1603 312
1604 313
1605 272
1606 284
1607 283
1608 306
1609 295
1610 327
1611 294
1612 297
1613 269
1614 282
1615 275
1616 293
1617 277
1618 309
1619 282
1620 288
1621 291
1622 289
1623 312
1624 273
1625 299
1626 282
1627 266
1628 304
1629 304
1630 260
1631 267
1632 263
1633 294
1634 284
1635 278
1636 237
1637 281
1638 303
1639 280
1640 282
1641 258
1642 290
1643 267
1644 303
1645 282
1646 293
1647 262
1648 302
1649 279
1650 270
1651 274
1652 282
1653 276
1654 272
1655 305
1656 278
1657 274
1658 281
1659 264
1660 270
1661 298
1662 317
1663 267
1664 276
1665 280
1666 299
1667 276
1668 282
1669 268
1670 281
1671 280
1672 279
1673 285
1674 248
1675 255
1676 237
1677 273
1678 278
1679 246
1680 273
1681 282
1682 259
1683 271
1684 274
1685 247
1686 296
1687 274
1688 279
1689 268
1690 259
1691 265
1692 280
1693 293
1694 252
1695 249
1696 261
1697 254
1698 230
1699 276
1700 259
1701 256
1702 229
1703 251
1704 234
1705 254
1706 281
1707 260
1708 272
1709 273
1710 249
1711 257
1712 267
1713 275
1714 225
1715 237
1716 261
1717 243
1718 249
1719 263
1720 242
1721 291
1722 259
1723 260
1724 256
1725 219
1726 271
1727 249
1728 238
1729 261
1730 243
1731 232
1732 245
1733 239
1734 230
1735 232
1736 255
1737 247
1738 210
1739 244
1740 250
1741 226
1742 250
1743 229
1744 237
1745 244
1746 230
1747 222
1748 241
1749 234
1750 198
1751 247
1752 251
1753 220
1754 227
1755 224
1756 248
1757 240
1758 241
1759 246
1760 230
1761 205
1762 245
1763 235
1764 241
1765 244
1766 243
1767 200
1768 234
1769 186
1770 223
1771 235
1772 221
1773 218
1774 257
1775 255
1776 227
1777 214
1778 219
1779 231
1780 239
1781 227
1782 249
1783 221
1784 232
1785 245
1786 226
1787 231
1788 226
1789 219
1790 232
1791 192
1792 226
1793 250
1794 210
1795 186
1796 229
1797 232
1798 247
1799 224
1800 197
1801 188
1802 252
1803 218
1804 215
1805 245
1806 240
1807 230
1808 229
1809 224
1810 201
1811 246
1812 206
1813 253
1814 236
1815 221
1816 207
1817 201
1818 228
1819 219
1820 250
1821 234
1822 219
1823 216
1824 235
1825 230
1826 223
1827 223
1828 197
1829 236
1830 228
1831 236
1832 207
1833 247
1834 213
1835 235
1836 227
1837 239
1838 230
1839 222
1840 208
1841 223
1842 235
1843 216
1844 228
1845 224
1846 236
1847 245
1848 219
1849 231
1850 200
1851 231
1852 216
1853 199
1854 223
1855 205
1856 239
1857 227
1858 223
1859 219
1860 214
1861 195
1862 212
1863 208
1864 219
1865 204
1866 201
1867 222
1868 216
1869 213
1870 211
1871 196
1872 204
1873 228
1874 208
1875 206
1876 236
1877 212
1878 223
1879 214
1880 208
1881 199
1882 237
1883 216
1884 234
1885 212
1886 199
1887 199
1888 186
1889 208
1890 204
1891 213
1892 209
1893 193
1894 203
1895 206
1896 210
1897 211
1898 212
1899 217
1900 204
1901 207
1902 206
1903 207
1904 202
1905 210
1906 209
1907 204
1908 185
1909 209
1910 217
1911 201
1912 190
1913 206
1914 232
1915 243
1916 220
1917 210
1918 224
1919 185
1920 214
1921 218
1922 194
1923 221
1924 190
1925 200
1926 189
1927 212
1928 202
1929 189
1930 180
1931 213
1932 185
1933 187
1934 173
1935 215
1936 216
1937 185
1938 191
1939 212
1940 211
1941 208
1942 195
1943 195
1944 197
1945 215
1946 210
1947 191
1948 200
1949 205
1950 193
1951 213
1952 225
1953 182
1954 188
1955 211
1956 195
1957 199
1958 199
1959 196
1960 194
1961 203
1962 211
1963 186
1964 206
1965 201
1966 198
1967 188
1968 201
1969 181
1970 198
1971 155
1972 184
1973 180
1974 191
1975 171
1976 177
1977 190
1978 196
1979 201
1980 184
1981 166
1982 191
1983 181
1984 164
1985 193
1986 197
1987 175
1988 156
1989 178
1990 190
1991 190
1992 189
1993 190
1994 177
1995 206
1996 180
1997 168
1998 176
1999 176
2000 173
2001 191
2002 171
2003 185
2004 208
2005 169
2006 182
2007 191
2008 158
2009 186
2010 178
2011 152
2012 180
2013 189
2014 181
2015 207
2016 187
2017 198
2018 181
2019 183
2020 169
2021 170
2022 169
2023 182
2024 181
2025 163
2026 166
2027 187
2028 172
2029 182
2030 172
2031 180
2032 186
2033 166
2034 197
2035 158
2036 174
2037 165
2038 160
2039 187
2040 148
2041 145
2042 152
2043 164
2044 179
2045 176
2046 195
2047 191
2048 178
2049 184
2050 181
2051 178
2052 171
2053 166
2054 165
2055 159
2056 168
2057 199
2058 149
2059 174
2060 152
2061 154
2062 164
2063 162
2064 185
2065 188
2066 170
2067 167
2068 150
2069 162
2070 161
2071 187
2072 159
2073 173
2074 174
2075 168
2076 142
2077 174
2078 175
2079 154
2080 164
2081 164
2082 157
2083 185
2084 154
2085 160
2086 173
2087 174
2088 163
2089 177
2090 176
2091 164
2092 177
2093 176
2094 151
2095 182
2096 200
2097 169
2098 155
2099 151
2100 164
2101 151
2102 152
2103 166
2104 182
2105 191
2106 157
2107 162
2108 180
2109 167
2110 169
2111 193
2112 159
2113 184
2114 176
2115 166
2116 166
2117 161
2118 164
2119 157
2120 180
2121 168
2122 183
2123 169
2124 168
2125 143
2126 171
2127 175
2128 181
2129 168
2130 152
2131 163
2132 170
2133 144
2134 151
2135 161
2136 192
2137 139
2138 163
2139 156
2140 158
2141 157
2142 149
2143 158
2144 144
2145 151
2146 153
2147 154
2148 176
2149 157
2150 164
2151 176
2152 161
2153 160
2154 157
2155 153
2156 162
2157 151
2158 176
2159 149
2160 163
2161 170
2162 158
2163 159
2164 147
2165 139
2166 172
2167 172
2168 139
2169 166
2170 156
2171 171
2172 175
2173 156
2174 170
2175 159
2176 161
2177 164
2178 158
2179 151
2180 143
2181 160
2182 149
2183 177
2184 150
2185 165
2186 147
2187 182
2188 179
2189 162
2190 162
2191 175
2192 138
2193 153
2194 177
2195 153
2196 167
2197 165
2198 144
2199 173
2200 163
2201 175
2202 138
2203 129
2204 151
2205 164
2206 157
2207 168
2208 153
2209 148
2210 163
2211 147
2212 151
2213 149
2214 170
2215 167
2216 151
2217 145
2218 154
2219 130
2220 151
2221 142
2222 143
2223 142
2224 155
2225 134
2226 154
2227 146
2228 162
2229 153
2230 150
2231 164
2232 142
2233 154
2234 169
2235 155
2236 147
2237 146
2238 153
2239 156
2240 145
2241 148
2242 159
2243 156
2244 149
2245 151
2246 147
2247 163
2248 153
2249 158
2250 162
2251 136
2252 167
2253 149
2254 138
2255 160
2256 156
2257 177
2258 149
2259 140
2260 144
2261 143
2262 168
2263 157
2264 149
2265 158
2266 142
2267 146
2268 167
2269 163
2270 164
2271 140
2272 156
2273 159
2274 139
2275 155
2276 160
2277 158
2278 177
2279 133
2280 152
2281 133
2282 146
2283 124
2284 149
2285 149
2286 149
2287 152
2288 148
2289 130
2290 144
2291 155
2292 142
2293 150
2294 127
2295 140
2296 161
2297 150
2298 134
2299 142
2300 160
2301 130
2302 154
2303 141
2304 158
2305 128
2306 124
2307 124
2308 142
2309 144
2310 166
2311 148
2312 117
2313 122
2314 141
2315 127
2316 161
2317 166
2318 144
2319 133
2320 140
2321 124
2322 147
2323 137
2324 149
2325 141
2326 156
2327 139
2328 131
2329 141
2330 148
2331 131
2332 150
2333 120
2334 131
2335 139
2336 140
2337 126
2338 124
2339 139
2340 139
2341 145
2342 142
2343 145
2344 136
2345 126
2346 127
2347 119
2348 134
2349 122
2350 146
2351 135
2352 130
2353 141
2354 116
2355 129
2356 131
2357 126
2358 123
2359 122
2360 119
2361 126
2362 146
2363 152
2364 140
2365 127
2366 129
2367 122
2368 169
2369 137
2370 158
2371 134
2372 120
2373 123
2374 145
2375 132
2376 115
2377 119
2378 126
2379 126
2380 118
2381 142
2382 136
2383 127
2384 115
2385 142
2386 124
2387 140
2388 128
2389 128
2390 106
2391 131
2392 130
2393 124
2394 126
2395 139
2396 107
2397 131
2398 109
2399 119
2400 125
2401 129
2402 122
2403 134
2404 134
2405 124
2406 118
2407 146
2408 134
2409 133
2410 113
2411 95
2412 129
2413 96
2414 121
2415 113
2416 127
2417 127
2418 144
2419 142
2420 122
2421 125
2422 117
2423 123
2424 135
2425 102
2426 121
2427 128
2428 96
2429 128
2430 135
2431 120
2432 125
2433 122
2434 123
2435 115
2436 117
2437 110
2438 132
2439 114
2440 126
2441 116
2442 120
2443 149
2444 94
2445 137
2446 119
2447 121
2448 122
2449 107
2450 118
2451 113
2452 112
2453 134
2454 109
2455 102
2456 130
2457 126
2458 120
2459 126
2460 113
2461 119
2462 130
2463 128
2464 103
2465 135
2466 129
2467 120
2468 132
2469 110
2470 134
2471 119
2472 125
2473 130
2474 106
2475 108
2476 131
2477 118
2478 117
2479 124
2480 121
2481 123
2482 140
2483 104
2484 118
2485 112
2486 109
2487 125
2488 112
2489 108
2490 115
2491 136
2492 131
2493 136
2494 126
2495 101
2496 132
2497 107
2498 117
2499 125
2500 109
2501 134
2502 110
2503 100
2504 117
2505 120
2506 108
2507 109
2508 120
2509 108
2510 109
2511 110
2512 124
2513 98
2514 113
2515 101
2516 127
2517 115
2518 111
2519 120
2520 108
2521 134
2522 124
2523 132
2524 108
2525 121
2526 109
2527 114
2528 120
2529 128
2530 119
2531 102
2532 116
2533 105
2534 108
2535 116
2536 125
2537 113
2538 109
2539 127
2540 103
2541 118
2542 113
2543 118
2544 104
2545 112
2546 100
2547 102
2548 106
2549 122
2550 121
2551 133
2552 127
2553 103
2554 109
2555 122
2556 106
2557 114
2558 108
2559 114
2560 112
2561 107
2562 98
2563 105
2564 125
2565 115
2566 106
2567 119
2568 105
2569 100
2570 110
2571 109
2572 99
2573 108
2574 92
2575 106
2576 93
2577 122
2578 118
2579 107
2580 113
2581 95
2582 106
2583 111
2584 111
2585 117
2586 115
2587 102
2588 113
2589 117
2590 110
2591 111
2592 108
2593 115
2594 110
2595 95
2596 122
2597 109
2598 99
2599 101
2600 101
2601 110
2602 111
2603 94
2604 106
2605 102
2606 100
2607 121
2608 102
2609 102
2610 131
2611 118
2612 109
2613 106
2614 102
2615 119
2616 110
2617 108
2618 94
2619 120
2620 111
2621 116
2622 115
2623 97
2624 106
2625 114
2626 106
2627 111
2628 105
2629 102
2630 115
2631 99
2632 88
2633 100
2634 117
2635 93
2636 123
2637 102
2638 107
2639 101
2640 92
2641 102
2642 111
2643 95
2644 97
2645 104
2646 116
2647 117
2648 101
2649 96
2650 118
2651 97
2652 99
2653 110
2654 117
2655 100
2656 91
2657 96
2658 95
2659 104
2660 99
2661 103
2662 99
2663 114
2664 107
2665 121
2666 104
2667 114
2668 100
2669 98
2670 115
2671 107
2672 100
2673 103
2674 123
2675 106
2676 109
2677 111
2678 104
2679 89
2680 112
2681 117
2682 101
2683 87
2684 91
2685 97
2686 114
2687 97
2688 98
2689 112
2690 108
2691 86
2692 119
2693 95
2694 98
2695 91
2696 97
2697 83
2698 105
2699 101
2700 131
2701 101
2702 100
2703 83
2704 120
2705 96
2706 100
2707 87
2708 97
2709 88
2710 105
2711 86
2712 74
2713 99
2714 91
2715 105
2716 96
2717 108
2718 99
2719 79
2720 99
2721 82
2722 107
2723 112
2724 95
2725 103
2726 105
2727 90
2728 97
2729 104
2730 101
2731 124
2732 105
2733 117
2734 91
2735 101
2736 93
2737 92
2738 87
2739 96
2740 107
2741 105
2742 111
2743 106
2744 103
2745 105
2746 101
2747 101
2748 97
2749 102
2750 105
2751 124
2752 98
2753 99
2754 117
2755 107
2756 96
2757 92
2758 96
2759 100
2760 92
2761 106
2762 121
2763 103
2764 91
2765 108
2766 121
2767 98
2768 94
2769 100
2770 100
2771 99
2772 89
2773 87
2774 98
2775 104
2776 104
2777 116
2778 118
2779 84
2780 103
2781 89
2782 98
2783 94
2784 88
2785 101
2786 91
2787 88
2788 101
2789 85
2790 99
2791 87
2792 96
2793 88
2794 102
2795 84
2796 93
2797 105
2798 88
2799 113
2800 85
2801 94
2802 103
2803 90
2804 91
2805 89
2806 88
2807 102
2808 89
2809 95
2810 103
2811 102
2812 114
2813 88
2814 93
2815 88
2816 101
2817 117
2818 79
2819 106
2820 85
2821 93
2822 79
2823 95
2824 104
2825 92
2826 106
2827 84
2828 97
2829 99
2830 91
2831 91
2832 91
2833 105
2834 87
2835 91
2836 93
2837 86
2838 105
2839 100
2840 91
2841 102
2842 82
2843 89
2844 98
2845 86
2846 128
2847 98
2848 82
2849 81
2850 96
2851 95
2852 94
2853 78
2854 82
2855 90
2856 92
2857 86
2858 73
2859 96
2860 84
2861 101
2862 112
2863 92
2864 93
2865 81
2866 101
2867 96
2868 97
2869 87
2870 98
2871 91
2872 96
2873 88
2874 95
2875 81
2876 90
2877 94
2878 79
2879 103
2880 100
2881 88
2882 84
2883 95
2884 79
2885 108
2886 71
2887 84
2888 74
2889 96
2890 81
2891 90
2892 99
2893 81
2894 80
2895 68
2896 79
2897 71
2898 67
2899 81
2900 93
2901 82
2902 113
2903 111
2904 90
2905 86
2906 84
2907 79
2908 94
2909 78
2910 60
2911 94
2912 88
2913 97
2914 86
2915 104
2916 86
2917 77
2918 80
2919 74
2920 74
2921 80
2922 77
2923 85
2924 80
2925 88
2926 95
2927 73
2928 78
2929 74
2930 90
2931 79
2932 91
2933 84
2934 84
2935 76
2936 77
2937 78
2938 91
2939 88
2940 84
2941 81
2942 83
2943 67
2944 81
2945 82
2946 87
2947 88
2948 89
2949 89
2950 85
2951 75
2952 87
2953 96
2954 91
2955 79
2956 77
2957 66
2958 91
2959 87
2960 77
2961 80
2962 70
2963 91
2964 74
2965 76
2966 67
2967 58
2968 83
2969 78
2970 82
2971 87
2972 79
2973 68
2974 74
2975 70
2976 83
2977 86
2978 81
2979 72
2980 84
2981 71
2982 76
2983 88
2984 78
2985 75
2986 69
2987 74
2988 69
2989 80
2990 74
2991 83
2992 82
2993 89
2994 87
2995 88
2996 71
2997 78
2998 71
2999 82
3000 91
3001 82
3002 76
3003 92
3004 74
3005 83
3006 71
3007 76
3008 77
3009 115
3010 88
3011 76
3012 76
3013 95
3014 81
3015 67
3016 75
3017 78
3018 78
3019 91
3020 71
3021 74
3022 78
3023 76
3024 87
3025 72
3026 73
3027 74
3028 84
3029 62
3030 72
3031 73
3032 64
3033 83
3034 91
3035 67
3036 74
3037 74
3038 84
3039 84
3040 92
3041 74
3042 66
3043 76
3044 95
3045 86
3046 65
3047 82
3048 79
3049 78
3050 73
3051 71
3052 83
3053 82
3054 74
3055 67
3056 90
3057 61
3058 74
3059 92
3060 87
3061 87
3062 91
3063 70
3064 65
3065 70
3066 92
3067 98
3068 69
3069 91
3070 82
3071 64
3072 74
3073 77
3074 77
3075 70
3076 74
3077 91
3078 91
3079 70
3080 66
3081 81
3082 64
3083 66
3084 75
3085 68
3086 77
3087 91
3088 75
3089 83
3090 87
3091 77
3092 75
3093 78
3094 83
3095 65
3096 67
3097 74
3098 58
3099 54
3100 80
3101 81
3102 73
3103 67
3104 67
3105 84
3106 85
3107 73
3108 81
3109 78
3110 84
3111 87
3112 88
3113 76
3114 72
3115 81
3116 72
3117 67
3118 59
3119 69
3120 70
3121 81
3122 72
3123 70
3124 80
3125 87
3126 85
3127 64
3128 80
3129 64
3130 83
3131 64
3132 80
3133 81
3134 82
3135 80
3136 73
3137 72
3138 78
3139 67
3140 83
3141 65
3142 77
3143 76
3144 77
3145 61
3146 77
3147 60
3148 84
3149 66
3150 58
3151 75
3152 79
3153 75
3154 71
3155 71
3156 56
3157 61
3158 74
3159 69
3160 72
3161 79
3162 75
3163 91
3164 63
3165 72
3166 91
3167 71
3168 79
3169 79
3170 69
3171 79
3172 82
3173 88
3174 67
3175 76
3176 64
3177 79
3178 89
3179 69
3180 75
3181 82
3182 85
3183 69
3184 81
3185 75
3186 69
3187 63
3188 64
3189 76
3190 75
3191 67
3192 58
3193 65
3194 62
3195 74
3196 63
3197 67
3198 68
3199 59
3200 66
3201 82
3202 70
3203 86
3204 62
3205 65
3206 79
3207 64
3208 82
3209 75
3210 74
3211 63
3212 65
3213 72
3214 71
3215 76
3216 67
3217 65
3218 58
3219 88
3220 67
3221 63
3222 65
3223 72
3224 66
3225 65
3226 70
3227 61
3228 64
3229 70
3230 72
3231 68
3232 71
3233 61
3234 61
3235 78
3236 59
3237 68
3238 85
3239 60
3240 63
3241 65
3242 71
3243 58
3244 66
3245 62
3246 64
3247 68
3248 62
3249 52
3250 71
3251 80
3252 66
3253 65
3254 61
3255 57
3256 59
3257 63
3258 62
3259 56
3260 66
3261 69
3262 67
3263 61
3264 68
3265 59
3266 76
3267 74
3268 58
3269 66
3270 68
3271 61
3272 86
3273 78
3274 65
3275 76
3276 75
3277 84
3278 77
3279 65
3280 75
3281 72
3282 69
3283 79
3284 58
3285 69
3286 67
3287 68
3288 60
3289 66
3290 73
3291 73
3292 84
3293 55
3294 74
3295 60
3296 56
3297 70
3298 63
3299 72
3300 53
3301 66
3302 65
3303 74
3304 71
3305 58
3306 55
3307 65
3308 58
3309 67
3310 81
3311 66
3312 69
3313 60
3314 64
3315 68
3316 76
3317 55
3318 58
3319 64
3320 78
3321 57
3322 68
3323 58
3324 64
3325 54
3326 73
3327 73
3328 74
3329 60
3330 73
3331 58
3332 65
3333 69
3334 73
3335 61
3336 61
3337 69
3338 58
3339 60
3340 67
3341 66
3342 73
3343 68
3344 57
3345 67
3346 64
3347 59
3348 62
3349 82
3350 70
3351 66
3352 67
3353 65
3354 67
3355 55
3356 57
3357 69
3358 64
3359 65
3360 64
3361 75
3362 61
3363 58
3364 59
3365 62
3366 59
3367 75
3368 81
3369 53
3370 58
3371 57
3372 58
3373 60
3374 74
3375 60
3376 70
3377 61
3378 72
3379 49
3380 79
3381 56
3382 62
3383 62
3384 56
3385 50
3386 64
3387 63
3388 56
3389 69
3390 71
3391 59
3392 53
3393 60
3394 55
3395 64
3396 51
3397 64
3398 51
3399 68
3400 57
3401 82
3402 57
3403 65
3404 48
3405 54
3406 69
3407 68
3408 75
3409 69
3410 59
3411 74
3412 63
3413 60
3414 61
3415 53
3416 65
3417 49
3418 62
3419 63
3420 62
3421 60
3422 62
3423 63
3424 53
3425 66
3426 62
3427 60
3428 54
3429 63
3430 59
3431 54
3432 67
3433 63
3434 79
3435 50
3436 59
3437 63
3438 70
3439 56
3440 59
3441 66
3442 63
3443 67
3444 61
3445 45
3446 44
3447 75
3448 76
3449 56
3450 57
3451 57
3452 47
3453 68
3454 47
3455 83
3456 76
3457 56
3458 57
3459 58
3460 72
3461 61
3462 63
3463 74
3464 61
3465 63
3466 50
3467 65
3468 65
3469 45
3470 66
3471 59
3472 70
3473 70
3474 59
3475 59
3476 69
3477 69
3478 59
3479 57
3480 52
3481 52
3482 58
3483 55
3484 48
3485 58
3486 62
3487 65
3488 67
3489 67
3490 67
3491 51
3492 48
3493 56
3494 50
3495 77
3496 57
3497 59
3498 61
3499 63
3500 76
3501 45
3502 63
3503 60
3504 54
3505 51
3506 63
3507 69
3508 61
3509 54
3510 73
3511 69
3512 83
3513 69
3514 52
3515 63
3516 61
3517 47
3518 67
3519 50
3520 51
3521 61
3522 70
3523 66
3524 50
3525 38
3526 60
3527 65
3528 66
3529 63
3530 58
3531 49
3532 66
3533 53
3534 52
3535 55
3536 55
3537 69
3538 61
3539 73
3540 64
3541 58
3542 58
3543 45
3544 48
3545 63
3546 64
3547 43
3548 61
3549 56
3550 49
3551 54
3552 63
3553 64
3554 59
3555 66
3556 69
3557 49
3558 59
3559 59
3560 66
3561 58
3562 50
3563 56
3564 47
3565 57
3566 60
3567 46
3568 43
3569 56
3570 55
3571 60
3572 60
3573 60
3574 50
3575 51
3576 57
3577 69
3578 55
3579 45
3580 46
3581 55
3582 53
3583 44
3584 46
3585 74
3586 51
3587 40
3588 50
3589 62
3590 71
3591 60
3592 36
3593 58
3594 67
3595 54
3596 60
3597 65
3598 53
3599 50
3600 50
3601 58
3602 41
3603 51
3604 61
3605 60
3606 51
3607 47
3608 45
3609 75
3610 54
3611 56
3612 54
3613 61
3614 61
3615 61
3616 62
3617 68
3618 74
3619 41
3620 60
3621 60
3622 48
3623 46
3624 59
3625 55
3626 50
3627 55
3628 69
3629 64
3630 49
3631 48
3632 49
3633 38
3634 43
3635 52
3636 69
3637 58
3638 48
3639 65
3640 60
3641 62
3642 48
3643 49
3644 52
3645 52
3646 54
3647 57
3648 42
3649 69
3650 63
3651 54
3652 60
3653 51
3654 66
3655 62
3656 48
3657 54
3658 63
3659 48
3660 51
3661 57
3662 52
3663 49
3664 61
3665 67
3666 59
3667 54
3668 57
3669 69
3670 71
3671 67
3672 64
3673 55
3674 56
3675 57
3676 43
3677 58
3678 56
3679 64
3680 49
3681 63
3682 46
3683 59
3684 62
3685 60
3686 47
3687 46
3688 64
3689 62
3690 50
3691 64
3692 57
3693 60
3694 66
3695 70
3696 57
3697 55
3698 62
3699 58
3700 47
3701 55
3702 44
3703 61
3704 59
3705 61
3706 55
3707 44
3708 54
3709 57
3710 57
3711 60
3712 55
3713 50
3714 45
3715 48
3716 50
3717 51
3718 62
3719 49
3720 54
3721 49
3722 46
3723 57
3724 58
3725 64
3726 38
3727 59
3728 52
3729 61
3730 47
3731 54
3732 49
3733 41
3734 45
3735 59
3736 41
3737 54
3738 55
3739 64
3740 66
3741 59
3742 50
3743 53
3744 46
3745 52
3746 48
3747 58
3748 61
3749 64
3750 54
3751 54
3752 48
3753 38
3754 51
3755 58
3756 55
3757 52
3758 52
3759 60
3760 48
3761 51
3762 57
3763 49
3764 41
3765 46
3766 50
3767 50
3768 44
3769 52
3770 39
3771 38
3772 53
3773 43
3774 58
3775 64
3776 42
3777 54
3778 53
3779 45
3780 64
3781 56
3782 64
3783 40
3784 49
3785 49
3786 62
3787 48
3788 62
3789 42
3790 57
3791 57
3792 45
3793 40
3794 52
3795 43
3796 53
3797 53
3798 49
3799 51
3800 47
3801 45
3802 58
3803 48
3804 53
3805 52
3806 49
3807 63
3808 50
3809 44
3810 51
3811 47
3812 55
3813 42
3814 63
3815 42
3816 43
3817 54
3818 52
3819 44
3820 57
3821 40
3822 37
3823 34
3824 54
3825 46
3826 54
3827 46
3828 39
3829 50
3830 41
3831 44
3832 42
3833 49
3834 52
3835 48
3836 39
3837 50
3838 47
3839 53
3840 55
3841 36
3842 51
3843 53
3844 49
3845 52
3846 46
3847 44
3848 41
3849 47
3850 55
3851 42
3852 59
3853 51
3854 31
3855 41
3856 49
3857 44
3858 42
3859 45
3860 46
3861 41
3862 38
3863 56
3864 37
3865 52
3866 44
3867 43
3868 48
3869 43
3870 37
3871 52
3872 56
3873 60
3874 58
3875 48
3876 49
3877 36
3878 44
3879 52
3880 41
3881 43
3882 52
3883 32
3884 37
3885 43
3886 43
3887 57
3888 60
3889 52
3890 49
3891 42
3892 47
3893 46
3894 48
3895 45
3896 46
3897 48
3898 46
3899 47
3900 47
3901 42
3902 55
3903 48
3904 46
3905 50
3906 50
3907 58
3908 43
3909 50
3910 48
3911 47
3912 42
3913 46
3914 55
3915 56
3916 39
3917 51
3918 49
3919 48
3920 49
3921 54
3922 52
3923 40
3924 45
3925 66
3926 44
3927 36
3928 44
3929 36
3930 47
3931 53
3932 39
3933 44
3934 42
3935 60
3936 38
3937 48
3938 50
3939 34
3940 42
3941 36
3942 48
3943 43
3944 37
3945 35
3946 50
3947 48
3948 40
3949 44
3950 55
3951 37
3952 39
3953 53
3954 50
3955 47
3956 26
3957 45
3958 35
3959 51
3960 40
3961 46
3962 37
3963 60
3964 42
3965 46
3966 40
3967 43
3968 46
3969 41
3970 42
3971 41
3972 39
3973 45
3974 45
3975 41
3976 36
3977 49
3978 48
3979 40
3980 42
3981 36
3982 46
3983 40
3984 53
3985 35
3986 56
3987 44
3988 42
3989 44
3990 36
3991 34
3992 48
3993 45
3994 68
3995 45
3996 39
3997 43
3998 43
3999 43
4000 56
4001 46
4002 41
4003 39
4004 41
4005 45
4006 52
4007 41
4008 33
4009 46
4010 49
4011 48
4012 50
4013 46
4014 38
4015 46
4016 60
4017 43
4018 45
4019 44
4020 53
4021 42
4022 31
4023 44
4024 45
4025 50
4026 52
4027 36
4028 48
4029 54
4030 35
4031 47
4032 48
4033 45
4034 50
4035 44
4036 33
4037 47
4038 41
4039 49
4040 44
4041 47
4042 39
4043 48
4044 40
4045 44
4046 29
4047 47
4048 52
4049 43
4050 37
4051 41
4052 48
4053 48
4054 42
4055 52
4056 39
4057 44
4058 42
4059 43
4060 41
4061 30
4062 42
4063 30
4064 44
4065 39
4066 49
4067 52
4068 37
4069 55
4070 55
4071 49
4072 49
4073 42
4074 48
4075 41
4076 43
4077 60
4078 41
4079 42
4080 44
4081 34
4082 33
4083 51
4084 44
4085 34
4086 44
4087 42
4088 51
4089 41
4090 43
4091 40
4092 32
4093 37
4094 43
4095 35
4096 39
4097 41
4098 36
4099 39
4100 35
4101 59
4102 41
4103 51
4104 44
4105 43
4106 45
4107 41
4108 47
4109 38
4110 46
4111 40
4112 36
4113 42
4114 53
4115 40
4116 51
4117 41
4118 34
4119 47
4120 30
4121 33
4122 51
4123 29
4124 47
4125 39
4126 36
4127 46
4128 38
4129 41
4130 32
4131 36
4132 32
4133 48
4134 40
4135 46
4136 49
4137 42
4138 50
4139 44
4140 42
4141 36
4142 41
4143 27
4144 38
4145 48
4146 52
4147 41
4148 31
4149 44
4150 46
4151 36
4152 41
4153 42
4154 40
4155 35
4156 39
4157 38
4158 44
4159 33
4160 32
4161 46
4162 45
4163 37
4164 37
4165 38
4166 38
4167 37
4168 50
4169 39
4170 38
4171 48
4172 36
4173 47
4174 38
4175 38
4176 46
4177 39
4178 40
4179 49
4180 46
4181 39
4182 42
4183 37
4184 43
4185 46
4186 39
4187 42
4188 44
4189 34
4190 44
4191 41
4192 34
4193 44
4194 42
4195 33
4196 41
4197 35
4198 44
4199 39
4200 45
4201 37
4202 44
4203 36
4204 37
4205 49
4206 31
4207 30
4208 37
4209 33
4210 22
4211 41
4212 42
4213 38
4214 41
4215 49
4216 35
4217 45
4218 43
4219 36
4220 49
4221 49
4222 29
4223 38
4224 27
4225 53
4226 43
4227 46
4228 38
4229 45
4230 40
4231 38
4232 37
4233 32
4234 46
4235 31
4236 45
4237 25
4238 37
4239 43
4240 25
4241 42
4242 30
4243 41
4244 40
4245 31
4246 42
4247 41
4248 30
4249 31
4250 37
4251 38
4252 44
4253 32
4254 32
4255 35
4256 32
4257 24
4258 25
4259 28
4260 34
4261 37
4262 37
4263 36
4264 24
4265 39
4266 37
4267 30
4268 41
4269 32
4270 30
4271 39
4272 36
4273 36
4274 33
4275 39
4276 26
4277 23
4278 33
4279 43
4280 35
4281 60
4282 38
4283 23
4284 30
4285 36
4286 43
4287 38
4288 40
4289 38
4290 47
4291 36
4292 37
4293 45
4294 32
4295 32
4296 38
4297 38
4298 32
4299 37
4300 35
4301 29
4302 37
4303 33
4304 29
4305 44
4306 45
4307 34
4308 38
4309 47
4310 33
4311 30
4312 37
4313 48
4314 36
4315 37
4316 43
4317 40
4318 32
4319 27
4320 38
4321 41
4322 38
4323 41
4324 41
4325 37
4326 37
4327 30
4328 43
4329 26
4330 35
4331 29
4332 37
4333 49
4334 46
4335 38
4336 31
4337 38
4338 32
4339 48
4340 33
4341 43
4342 40
4343 35
4344 38
4345 43
4346 48
4347 33
4348 29
4349 33
4350 26
4351 35
4352 31
4353 35
4354 36
4355 38
4356 33
4357 32
4358 43
4359 34
4360 28
4361 32
4362 30
4363 39
4364 37
4365 41
4366 41
4367 25
4368 41
4369 42
4370 34
4371 46
4372 39
4373 30
4374 30
4375 34
4376 32
4377 24
4378 36
4379 31
4380 28
4381 40
4382 29
4383 44
4384 35
4385 49
4386 39
4387 32
4388 35
4389 33
4390 25
4391 38
4392 26
4393 39
4394 34
4395 41
4396 35
4397 39
4398 28
4399 29
4400 38
4401 43
4402 33
4403 41
4404 33
4405 36
4406 32
4407 41
4408 30
4409 42
4410 36
4411 42
4412 39
4413 24
4414 32
4415 33
4416 33
4417 41
4418 36
4419 33
4420 27
4421 48
4422 37
4423 29
4424 27
4425 27
4426 30
4427 23
4428 26
4429 39
4430 35
4431 34
4432 27
4433 34
4434 37
4435 39
4436 39
4437 35
4438 32
4439 26
4440 34
4441 24
4442 39
4443 41
4444 38
4445 35
4446 33
4447 34
4448 41
4449 33
4450 41
4451 34
4452 35
4453 34
4454 42
4455 33
4456 42
4457 26
4458 29
4459 40
4460 29
4461 45
4462 35
4463 40
4464 31
4465 37
4466 29
4467 33
4468 35
4469 33
4470 40
4471 31
4472 52
4473 36
4474 36
4475 26
4476 34
4477 36
4478 42
4479 38
4480 31
4481 39
4482 32
4483 33
4484 37
4485 30
4486 37
4487 38
4488 43
4489 40
4490 30
4491 42
4492 29
4493 37
4494 38
4495 38
4496 44
4497 34
4498 25
4499 41
4500 34
4501 33
4502 34
4503 36
4504 43
4505 25
4506 42
4507 31
4508 27
4509 28
4510 33
4511 44
4512 29
4513 30
4514 36
4515 25
4516 39
4517 32
4518 29
4519 44
4520 31
4521 26
4522 36
4523 35
4524 24
4525 28
4526 34
4527 37
4528 39
4529 34
4530 30
4531 39
4532 29
4533 23
4534 30
4535 27
4536 36
4537 28
4538 32
4539 21
4540 33
4541 29
4542 32
4543 23
4544 31
4545 26
4546 32
4547 35
4548 33
4549 34
4550 36
4551 30
4552 37
4553 34
4554 34
4555 39
4556 22
4557 29
4558 35
4559 24
4560 30
4561 20
4562 27
4563 31
4564 35
4565 30
4566 24
4567 35
4568 25
4569 36
4570 34
4571 40
4572 27
4573 28
4574 26
4575 24
4576 25
4577 37
4578 22
4579 36
4580 27
4581 25
4582 34
4583 32
4584 30
4585 43
4586 29
4587 25
4588 32
4589 39
4590 26
4591 35
4592 27
4593 31
4594 34
4595 32
4596 37
4597 31
4598 22
4599 42
4600 26
4601 29
4602 42
4603 31
4604 27
4605 27
4606 26
4607 37
4608 35
4609 28
4610 34
4611 36
4612 27
4613 37
4614 26
4615 40
4616 33
4617 31
4618 34
4619 31
4620 34
4621 25
4622 27
4623 26
4624 35
4625 27
4626 31
4627 31
4628 31
4629 36
4630 24
4631 20
4632 33
4633 27
4634 33
4635 30
4636 30
4637 23
4638 32
4639 35
4640 39
4641 33
4642 33
4643 34
4644 30
4645 28
4646 28
4647 27
4648 30
4649 44
4650 24
4651 35
4652 29
4653 30
4654 25
4655 40
4656 33
4657 31
4658 30
4659 30
4660 31
4661 32
4662 32
4663 32
4664 16
4665 15
4666 30
4667 30
4668 33
4669 30
4670 25
4671 33
4672 23
4673 21
4674 20
4675 27
4676 27
4677 36
4678 31
4679 35
4680 32
4681 41
4682 24
4683 19
4684 35
4685 28
4686 27
4687 26
4688 34
4689 31
4690 25
4691 38
4692 31
4693 27
4694 39
4695 30
4696 38
4697 31
4698 34
4699 23
4700 17
4701 23
4702 28
4703 28
4704 24
4705 30
4706 25
4707 30
4708 22
4709 32
4710 51
4711 33
4712 26
4713 28
4714 22
4715 32
4716 26
4717 29
4718 21
4719 30
4720 29
4721 37
4722 23
4723 18
4724 38
4725 24
4726 35
4727 29
4728 25
4729 27
4730 32
4731 27
4732 25
4733 23
4734 23
4735 20
4736 27
4737 20
4738 34
4739 30
4740 28
4741 33
4742 30
4743 29
4744 25
4745 27
4746 36
4747 22
4748 31
4749 28
4750 26
4751 28
4752 23
4753 29
4754 33
4755 33
4756 34
4757 29
4758 32
4759 23
4760 28
4761 27
4762 20
4763 40
4764 28
4765 26
4766 24
4767 19
4768 31
4769 23
4770 28
4771 40
4772 36
4773 31
4774 28
4775 42
4776 33
4777 27
4778 27
4779 29
4780 27
4781 29
4782 25
4783 31
4784 33
4785 29
4786 37
4787 23
4788 30
4789 27
4790 31
4791 21
4792 37
4793 29
4794 46
4795 30
4796 33
4797 27
4798 35
4799 17
4800 34
4801 21
4802 40
4803 38
4804 27
4805 26
4806 31
4807 21
4808 25
4809 39
4810 30
4811 17
4812 35
4813 12
4814 18
4815 17
4816 22
4817 27
4818 30
4819 33
4820 37
4821 34
4822 28
4823 25
4824 27
4825 27
4826 33
4827 23
4828 26
4829 29
4830 32
4831 30
4832 37
4833 28
4834 22
4835 19
4836 28
4837 31
4838 21
4839 30
4840 23
4841 25
4842 30
4843 26
4844 23
4845 26
4846 25
4847 31
4848 29
4849 28
4850 30
4851 41
4852 31
4853 19
4854 23
4855 31
4856 29
4857 24
4858 22
4859 30
4860 27
4861 22
4862 25
4863 24
4864 36
4865 28
4866 24
4867 29
4868 26
4869 36
4870 27
4871 23
4872 24
4873 21
4874 24
4875 27
4876 37
4877 39
4878 28
4879 24
4880 31
4881 23
4882 21
4883 26
4884 29
4885 29
4886 23
4887 25
4888 33
4889 27
4890 35
4891 31
4892 23
4893 19
4894 16
4895 28
4896 26
4897 28
4898 18
4899 31
4900 23
4901 26
4902 20
4903 26
4904 31
4905 25
4906 23
4907 28
4908 26
4909 21
4910 17
4911 24
4912 31
4913 35
4914 21
4915 15
4916 28
4917 36
4918 33
4919 24
4920 36
4921 31
4922 25
4923 32
4924 33
4925 18
4926 28
4927 22
4928 23
4929 19
4930 27
4931 24
4932 24
4933 15
4934 19
4935 22
4936 24
4937 26
4938 31
4939 20
4940 15
4941 24
4942 31
4943 22
4944 25
4945 13
4946 21
4947 24
4948 24
4949 25
4950 32
4951 26
4952 20
4953 18
4954 26
4955 26
4956 26
4957 16
4958 14
4959 22
4960 19
4961 22
4962 27
4963 33
4964 23
4965 18
4966 21
4967 23
4968 25
4969 29
4970 27
4971 26
4972 29
4973 32
4974 31
4975 29
4976 24
4977 18
4978 18
4979 19
4980 25
4981 31
4982 26
4983 15
4984 22
4985 20
4986 17
4987 23
4988 22
4989 21
4990 28
4991 28
4992 22
4993 25
4994 31
4995 32
4996 28
4997 20
4998 30
4999 30
5000 24
5001 27
5002 26
5003 28
5004 35
5005 22
5006 32
5007 23
5008 23
5009 35
5010 21
5011 25
5012 27
5013 23
5014 32
5015 21
5016 19
5017 29
5018 18
5019 25
5020 21
5021 26
5022 29
5023 33
5024 32
5025 23
5026 25
5027 22
5028 23
5029 28
5030 20
5031 20
5032 23
5033 35
5034 30
5035 23
5036 25
5037 24
5038 24
5039 27
5040 29
5041 22
5042 22
5043 27
5044 31
5045 22
5046 26
5047 16
5048 22
5049 19
5050 27
5051 25
5052 28
5053 43
5054 24
5055 24
5056 22
5057 26
5058 21
5059 29
5060 20
5061 12
5062 28
5063 23
5064 25
5065 33
5066 24
5067 23
5068 27
5069 36
5070 23
5071 27
5072 23
5073 17
5074 20
5075 28
5076 18
5077 24
5078 25
5079 24
5080 34
5081 26
5082 27
5083 19
5084 29
5085 21
5086 25
5087 24
5088 27
5089 21
5090 21
5091 36
5092 20
5093 38
5094 25
5095 23
5096 24
5097 25
5098 24
5099 29
5100 22
5101 28
5102 23
5103 30
5104 32
5105 16
5106 23
5107 31
5108 24
5109 21
5110 23
5111 32
5112 29
5113 24
5114 27
5115 13
5116 29
5117 19
5118 23
5119 25
5120 21
5121 13
5122 23
5123 17
5124 33
5125 24
5126 22
5127 23
5128 22
5129 22
5130 21
5131 29
5132 22
5133 32
5134 21
5135 9
5136 18
5137 23
5138 26
5139 31
5140 20
5141 23
5142 22
5143 31
5144 26
5145 23
5146 21
5147 23
5148 26
5149 21
5150 22
5151 29
5152 18
5153 22
5154 24
5155 31
5156 26
5157 16
5158 26
5159 28
5160 18
5161 23
5162 24
5163 22
5164 22
5165 16
5166 31
5167 17
5168 21
5169 30
5170 19
5171 18
5172 18
5173 13
5174 32
5175 13
5176 25
5177 23
5178 18
5179 23
5180 20
5181 21
5182 30
5183 25
5184 14
5185 22
5186 28
5187 20
5188 24
5189 21
5190 26
5191 34
5192 25
5193 33
5194 29
5195 19
5196 33
5197 19
5198 9
5199 31
5200 17
5201 30
5202 27
5203 15
5204 13
5205 22
5206 26
5207 19
5208 24
5209 26
5210 21
5211 17
5212 24
5213 25
5214 26
5215 30
5216 19
5217 23
5218 20
5219 21
5220 20
5221 22
5222 19
5223 25
5224 20
5225 32
5226 24
5227 28
5228 33
5229 19
5230 20
5231 16
5232 21
5233 29
5234 26
5235 25
5236 23
5237 21
5238 17
5239 19
5240 18
5241 21
5242 20
5243 15
5244 19
5245 19
5246 25
5247 15
5248 17
5249 21
5250 29
5251 30
5252 27
5253 19
5254 24
5255 27
5256 21
5257 22
5258 23
5259 24
5260 27
5261 28
5262 28
5263 14
5264 22
5265 17
5266 19
5267 18
5268 21
5269 17
5270 22
5271 25
5272 19
5273 25
5274 34
5275 31
5276 22
5277 20
5278 30
5279 22
5280 31
5281 27
5282 18
5283 20
5284 19
5285 20
5286 21
5287 22
5288 19
5289 24
5290 23
5291 29
5292 23
5293 17
5294 31
5295 24
5296 20
5297 22
5298 23
5299 22
5300 18
5301 20
5302 25
5303 19
5304 25
5305 14
5306 30
5307 19
5308 28
5309 18
5310 11
5311 21
5312 16
5313 32
5314 23
5315 14
5316 23
5317 22
5318 23
5319 22
5320 19
5321 20
5322 18
5323 13
5324 27
5325 20
5326 16
5327 12
5328 23
5329 29
5330 22
5331 18
5332 17
5333 18
5334 18
5335 13
5336 19
5337 24
5338 18
5339 16
5340 13
5341 14
5342 17
5343 29
5344 24
5345 12
5346 16
5347 24
5348 17
5349 21
5350 23
5351 20
5352 21
5353 29
5354 28
5355 26
5356 21
5357 16
5358 26
5359 22
5360 14
5361 19
5362 11
5363 17
5364 27
5365 24
5366 18
5367 17
5368 18
5369 20
5370 16
5371 24
5372 26
5373 23
5374 28
5375 17
5376 15
5377 20
5378 20
5379 21
5380 20
5381 29
5382 21
5383 14
5384 17
5385 21
5386 11
5387 20
5388 24
5389 20
5390 12
5391 21
5392 20
5393 24
5394 18
5395 24
5396 26
5397 15
5398 19
5399 20
5400 11
5401 21
5402 16
5403 22
5404 19
5405 15
5406 21
5407 18
5408 24
5409 24
5410 31
5411 21
5412 13
5413 28
5414 27
5415 16
5416 34
5417 16
5418 13
5419 25
5420 20
5421 15
5422 24
5423 27
5424 21
5425 20
5426 21
5427 20
5428 29
5429 15
5430 16
5431 19
5432 18
5433 13
5434 20
5435 23
5436 22
5437 15
5438 19
5439 25
5440 27
5441 20
5442 32
5443 16
5444 18
5445 23
5446 21
5447 18
5448 18
5449 20
5450 27
5451 15
5452 13
5453 23
5454 10
5455 20
5456 22
5457 19
5458 19
5459 21
5460 32
5461 18
5462 20
5463 21
5464 16
5465 16
5466 18
5467 17
5468 15
5469 13
5470 21
5471 15
5472 22
5473 20
5474 18
5475 18
5476 17
5477 15
5478 20
5479 17
5480 22
5481 14
5482 25
5483 20
5484 21
5485 19
5486 25
5487 13
5488 19
5489 18
5490 25
5491 17
5492 15
5493 20
5494 19
5495 17
5496 17
5497 16
5498 17
5499 14
5500 13
5501 19
5502 15
5503 17
5504 20
5505 14
5506 18
5507 22
5508 19
5509 24
5510 25
5511 17
5512 22
5513 18
5514 19
5515 18
5516 17
5517 22
5518 16
5519 19
5520 19
5521 19
5522 20
5523 16
5524 21
5525 21
5526 18
5527 19
5528 20
5529 14
5530 25
5531 20
5532 29
5533 14
5534 19
5535 18
5536 19
5537 19
5538 20
5539 25
5540 20
5541 19
5542 23
5543 12
5544 16
5545 13
5546 18
5547 25
5548 25
5549 22
5550 21
5551 18
5552 16
5553 15
5554 16
5555 14
5556 20
5557 18
5558 10
5559 17
5560 23
5561 22
5562 18
5563 13
5564 21
5565 20
5566 17
5567 19
5568 20
5569 16
5570 17
5571 17
5572 23
5573 27
5574 12
5575 28
5576 19
5577 27
5578 24
5579 22
5580 17
5581 15
5582 20
5583 14
5584 19
5585 14
5586 19
5587 20
5588 17
5589 15
5590 26
5591 21
5592 19
5593 26
5594 14
5595 18
5596 24
5597 22
5598 19
5599 16
5600 20
5601 21
5602 19
5603 18
5604 22
5605 16
5606 17
5607 15
5608 16
5609 23
5610 10
5611 12
5612 22
5613 15
5614 17
5615 13
5616 19
5617 17
5618 25
5619 21
5620 28
5621 22
5622 14
5623 18
5624 7
5625 16
5626 21
5627 17
5628 21
5629 9
5630 16
5631 20
5632 23
5633 16
5634 17
5635 19
5636 19
5637 35
5638 13
5639 19
5640 22
5641 24
5642 16
5643 12
5644 17
5645 18
5646 23
5647 30
5648 26
5649 16
5650 18
5651 18
5652 24
5653 17
5654 19
5655 21
5656 26
5657 24
5658 25
5659 14
5660 16
5661 21
5662 16
5663 14
5664 19
5665 13
5666 17
5667 20
5668 14
5669 15
5670 24
5671 24
5672 18
5673 23
5674 13
5675 24
5676 12
5677 17
5678 18
5679 18
5680 20
5681 20
5682 27
5683 14
5684 23
5685 18
5686 22
5687 25
5688 10
5689 20
5690 22
5691 9
5692 14
5693 21
5694 20
5695 22
5696 21
5697 21
5698 14
5699 19
5700 21
5701 15
5702 15
5703 21
5704 16
5705 21
5706 17
5707 25
5708 12
5709 15
5710 15
5711 16
5712 18
5713 19
5714 28
5715 22
5716 21
5717 22
5718 19
5719 17
5720 19
5721 14
5722 17
5723 20
5724 24
5725 20
5726 16
5727 16
5728 20
5729 22
5730 17
5731 21
5732 19
5733 14
5734 9
5735 16
5736 18
5737 16
5738 15
5739 20
5740 22
5741 20
5742 16
5743 22
5744 21
5745 18
5746 16
5747 19
5748 22
5749 24
5750 22
5751 19
5752 22
5753 12
5754 19
5755 14
5756 15
5757 18
5758 12
5759 22
5760 21
5761 18
5762 24
5763 18
5764 22
5765 25
5766 15
5767 17
5768 16
5769 15
5770 21
5771 16
5772 12
5773 21
5774 13
5775 13
5776 22
5777 12
5778 27
5779 27
5780 14
5781 17
5782 20
5783 18
5784 22
5785 20
5786 14
5787 27
5788 18
5789 20
5790 16
5791 14
5792 28
5793 14
5794 28
5795 19
5796 18
5797 16
5798 9
5799 19
5800 19
5801 31
5802 23
5803 18
5804 16
5805 15
5806 13
5807 17
5808 24
5809 13
5810 28
5811 15
5812 17
5813 16
5814 12
5815 8
5816 16
5817 19
5818 14
5819 22
5820 22
5821 21
5822 24
5823 16
5824 22
5825 8
5826 18
5827 17
5828 21
5829 13
5830 10
5831 20
5832 18
5833 12
5834 19
5835 26
5836 12
5837 25
5838 16
5839 17
5840 24
5841 25
5842 13
5843 15
5844 14
5845 12
5846 21
5847 19
5848 18
5849 20
5850 22
5851 12
5852 18
5853 11
5854 20
5855 11
5856 19
5857 17
5858 19
5859 15
5860 15
5861 17
5862 22
5863 17
5864 15
5865 11
5866 21
5867 13
5868 17
5869 16
5870 17
5871 23
5872 15
5873 21
5874 18
5875 13
5876 21
5877 18
5878 13
5879 14
5880 16
5881 8
5882 16
5883 18
5884 11
5885 11
5886 14
5887 13
5888 15
5889 13
5890 19
5891 21
5892 13
5893 25
5894 18
5895 24
5896 20
5897 13
5898 17
5899 18
5900 15
5901 22
5902 16
5903 14
5904 17
5905 21
5906 19
5907 21
5908 21
5909 15
5910 14
5911 18
5912 18
5913 16
5914 20
5915 12
5916 17
5917 20
5918 16
5919 10
5920 21
5921 17
5922 11
5923 11
5924 17
5925 24
5926 17
5927 10
5928 13
5929 10
5930 16
5931 20
5932 12
5933 8
5934 10
5935 17
5936 12
5937 16
5938 16
5939 25
5940 14
5941 24
5942 13
5943 16
5944 22
5945 23
5946 19
5947 14
5948 18
5949 18
5950 21
5951 17
5952 24
5953 17
5954 15
5955 16
5956 19
5957 26
5958 12
5959 17
5960 10
5961 11
5962 23
5963 24
5964 15
5965 14
5966 19
5967 13
5968 8
5969 20
5970 16
5971 21
5972 25
5973 23
5974 19
5975 16
5976 17
5977 17
5978 17
5979 11
5980 16
5981 16
5982 20
5983 20
5984 15
5985 17
5986 19
5987 16
5988 19
5989 19
5990 27
5991 22
5992 23
5993 14
5994 15
5995 19
5996 14
5997 19
5998 26
5999 17
6000 21
6001 16
6002 18
6003 17
6004 14
6005 19
6006 21
6007 16
6008 18
6009 19
6010 18
6011 25
6012 14
6013 19
6014 19
6015 20
6016 23
6017 19
6018 10
6019 19
6020 19
6021 18
6022 18
6023 18
6024 20
6025 15
6026 17
6027 18
6028 19
6029 10
6030 15
6031 12
6032 20
6033 13
6034 17
6035 20
6036 9
6037 16
6038 15
6039 11
6040 17
6041 18
6042 8
6043 17
6044 15
6045 16
6046 18
6047 10
6048 13
6049 16
6050 9
6051 22
6052 13
6053 21
6054 9
6055 14
6056 10
6057 17
6058 19
6059 19
6060 19
6061 13
6062 16
6063 13
6064 21
6065 15
6066 13
6067 16
6068 17
6069 21
6070 12
6071 16
6072 13
6073 16
6074 11
6075 8
6076 11
6077 17
6078 15
6079 12
6080 18
6081 22
6082 20
6083 18
6084 18
6085 16
6086 13
6087 12
6088 9
6089 11
6090 15
6091 10
6092 16
6093 12
6094 17
6095 18
6096 15
6097 16
6098 10
6099 21
6100 13
6101 12
6102 18
6103 18
6104 13
6105 17
6106 17
6107 12
6108 17
6109 22
6110 12
6111 14
6112 14
6113 9
6114 20
6115 23
6116 11
6117 16
6118 10
6119 21
6120 14
6121 19
6122 11
6123 13
6124 19
6125 15
6126 15
6127 14
6128 14
6129 11
6130 19
6131 11
6132 20
6133 9
6134 11
6135 18
6136 12
6137 21
6138 22
6139 24
6140 23
6141 20
6142 16
6143 18
6144 14
6145 18
6146 12
6147 17
6148 14
6149 14
6150 22
6151 15
6152 18
6153 10
6154 13
6155 14
6156 18
6157 15
6158 17
6159 17
6160 13
6161 22
6162 20
6163 18
6164 17
6165 16
6166 23
6167 19
6168 24
6169 23
6170 17
6171 21
6172 12
6173 16
6174 17
6175 19
6176 14
6177 15
6178 14
6179 20
6180 14
6181 13
6182 12
6183 18
6184 16
6185 16
6186 18
6187 17
6188 20
6189 15
6190 11
6191 16
6192 22
6193 14
6194 9
6195 10
6196 14
6197 17
6198 16
6199 18
6200 18
6201 15
6202 14
6203 19
6204 10
6205 14
6206 18
6207 17
6208 23
6209 18
6210 18
6211 15
6212 16
6213 8
6214 17
6215 7
6216 12
6217 18
6218 14
6219 15
6220 19
6221 13
6222 21
6223 17
6224 13
6225 19
6226 13
6227 19
6228 23
6229 17
6230 16
6231 11
6232 19
6233 9
6234 19
6235 11
6236 17
6237 18
6238 19
6239 19
6240 11
6241 14
6242 18
6243 18
6244 15
6245 14
6246 24
6247 18
6248 20
6249 17
6250 16
6251 25
6252 15
6253 16
6254 16
6255 19
6256 13
6257 19
6258 17
6259 16
6260 13
6261 13
6262 12
6263 21
6264 18
6265 17
6266 19
6267 19
6268 12
6269 13
6270 15
6271 11
6272 15
6273 16
6274 19
6275 28
6276 22
6277 13
6278 14
6279 13
6280 18
6281 22
6282 12
6283 19
6284 17
6285 14
6286 15
6287 20
6288 17
6289 14
6290 19
6291 16
6292 20
6293 18
6294 15
6295 14
6296 12
6297 16
6298 16
6299 15
6300 6
6301 12
6302 14
6303 17
6304 16
6305 17
6306 17
6307 7
6308 19
6309 16
6310 21
6311 14
6312 15
6313 19
6314 16
6315 17
6316 11
6317 15
6318 20
6319 18
6320 12
6321 19
6322 19
6323 15
6324 10
6325 12
6326 13
6327 13
6328 15
6329 21
6330 17
6331 16
6332 10
6333 17
6334 13
6335 22
6336 12
6337 19
6338 19
6339 24
6340 19
6341 10
6342 11
6343 24
6344 18
6345 13
6346 15
6347 16
6348 25
6349 22
6350 17
6351 18
6352 17
6353 20
6354 9
6355 19
6356 14
6357 21
6358 17
6359 14
6360 15
6361 18
6362 14
6363 16
6364 16
6365 15
6366 14
6367 17
6368 21
6369 15
6370 25
6371 17
6372 9
6373 14
6374 19
6375 18
6376 13
6377 13
6378 14
6379 15
6380 17
6381 12
6382 10
6383 21
6384 16
6385 15
6386 21
6387 11
6388 14
6389 14
6390 14
6391 14
6392 17
6393 6
6394 12
6395 16
6396 14
6397 20
6398 16
6399 21
6400 17
6401 13
6402 15
6403 20
6404 27
6405 12
6406 12
6407 14
6408 17
6409 19
6410 7
6411 15
6412 13
6413 17
6414 13
6415 16
6416 14
6417 15
6418 14
6419 7
6420 15
6421 13
6422 25
6423 13
6424 21
6425 7
6426 21
6427 14
6428 13
6429 26
6430 16
6431 18
6432 19
6433 16
6434 15
6435 15
6436 15
6437 14
6438 18
6439 17
6440 15
6441 12
6442 10
6443 13
6444 6
6445 11
6446 13
6447 18
6448 15
6449 18
6450 17
6451 7
6452 13
6453 13
6454 15
6455 9
6456 17
6457 22
6458 15
6459 22
6460 16
6461 13
6462 14
6463 17
6464 21
6465 8
6466 14
6467 15
6468 19
6469 14
6470 14
6471 18
6472 15
6473 12
6474 13
6475 13
6476 14
6477 10
6478 13
6479 18
6480 13
6481 20
6482 11
6483 15
6484 14
6485 14
6486 14
6487 18
6488 15
6489 9
6490 17
6491 16
6492 16
6493 13
6494 9
6495 18
6496 22
6497 16
6498 13
6499 18
6500 17
6501 16
6502 6
6503 13
6504 23
6505 14
6506 17
6507 15
6508 13
6509 18
6510 15
6511 15
6512 13
6513 17
6514 14
6515 17
6516 18
6517 9
6518 14
6519 13
6520 7
6521 15
6522 22
6523 15
6524 15
6525 11
6526 20
6527 16
6528 15
6529 16
6530 14
6531 13
6532 18
6533 14
6534 23
6535 19
6536 12
6537 14
6538 10
6539 11
6540 13
6541 20
6542 11
6543 9
6544 17
6545 19
6546 12
6547 11
6548 19
6549 18
6550 20
6551 19
6552 14
6553 23
6554 16
6555 17
6556 16
6557 13
6558 18
6559 15
6560 21
6561 18
6562 11
6563 18
6564 14
6565 25
6566 20
6567 17
6568 14
6569 15
6570 18
6571 26
6572 14
6573 16
6574 18
6575 12
6576 12
6577 10
6578 8
6579 17
6580 12
6581 14
6582 15
6583 21
6584 24
6585 15
6586 19
6587 11
6588 19
6589 14
6590 11
6591 18
6592 16
6593 12
6594 14
6595 18
6596 23
6597 13
6598 12
6599 14
6600 16
6601 20
6602 22
6603 18
6604 16
6605 13
6606 17
6607 17
6608 18
6609 14
6610 15
6611 27
6612 18
6613 13
6614 12
6615 15
6616 15
6617 11
6618 24
6619 29
6620 15
6621 18
6622 15
6623 24
6624 14
6625 18
6626 19
6627 21
6628 14
6629 14
6630 14
6631 13
6632 15
6633 20
6634 12
6635 12
6636 10
6637 15
6638 16
6639 18
6640 13
6641 13
6642 17
6643 19
6644 17
6645 18
6646 16
6647 20
6648 18
6649 18
6650 19
6651 18
6652 13
6653 20
6654 9
6655 12
6656 14
6657 9
6658 26
6659 14
6660 12
6661 23
6662 15
6663 15
6664 18
6665 12
6666 13
6667 21
6668 15
6669 17
6670 22
6671 24
6672 20
6673 16
6674 11
6675 10
6676 14
6677 15
6678 10
6679 18
6680 18
6681 15
6682 19
6683 10
6684 9
6685 17
6686 19
6687 14
6688 13
6689 11
6690 15
6691 18
6692 12
6693 9
6694 17
6695 11
6696 18
6697 9
6698 15
6699 21
6700 13
6701 18
6702 16
6703 13
6704 18
6705 15
6706 11
6707 13
6708 18
6709 13
6710 10
6711 15
6712 15
6713 14
6714 11
6715 15
6716 22
6717 11
6718 14
6719 14
6720 13
6721 13
6722 18
6723 16
6724 20
6725 17
6726 14
6727 15
6728 15
6729 17
6730 12
6731 11
6732 13
6733 20
6734 19
6735 18
6736 13
6737 13
6738 9
6739 8
6740 14
6741 18
6742 9
6743 16
6744 15
6745 12
6746 15
6747 14
6748 14
6749 15
6750 16
6751 15
6752 11
6753 14
6754 14
6755 19
6756 14
6757 17
6758 13
6759 18
6760 23
6761 17
6762 18
6763 15
6764 10
6765 15
6766 12
6767 18
6768 10
6769 11
6770 16
6771 6
6772 16
6773 13
6774 9
6775 7
6776 15
6777 8
6778 12
6779 19
6780 16
6781 13
6782 10
6783 14
6784 18
6785 20
6786 16
6787 18
6788 18
6789 13
6790 22
6791 9
6792 14
6793 19
6794 15
6795 18
6796 13
6797 10
6798 14
6799 12
6800 12
6801 11
6802 20
6803 13
6804 19
6805 11
6806 10
6807 12
6808 13
6809 10
6810 11
6811 14
6812 14
6813 12
6814 10
6815 8
6816 11
6817 20
6818 15
6819 17
6820 16
6821 16
6822 13
6823 15
6824 12
6825 13
6826 15
6827 13
6828 10
6829 16
6830 9
6831 18
6832 12
6833 19
6834 19
6835 17
6836 12
6837 11
6838 18
6839 15
6840 14
6841 11
6842 12
6843 18
6844 16
6845 20
6846 6
6847 13
6848 11
6849 14
6850 28
6851 10
6852 17
6853 20
6854 18
6855 22
6856 7
6857 12
6858 12
6859 17
6860 10
6861 17
6862 12
6863 20
6864 15
6865 17
6866 16
6867 14
6868 17
6869 19
6870 17
6871 11
6872 14
6873 16
6874 10
6875 13
6876 12
6877 11
6878 12
6879 16
6880 14
6881 13
6882 12
6883 12
6884 15
6885 12
6886 13
6887 12
6888 14
6889 14
6890 13
6891 11
6892 10
6893 18
6894 11
6895 13
6896 10
6897 18
6898 13
6899 11
6900 17
6901 17
6902 11
6903 13
6904 17
6905 12
6906 13
6907 12
6908 12
6909 15
6910 14
6911 12
6912 14
6913 18
6914 13
6915 16
6916 16
6917 17
6918 14
6919 12
6920 14
6921 16
6922 21
6923 12
6924 16
6925 12
6926 15
6927 15
6928 11
6929 20
6930 14
6931 18
6932 11
6933 11
6934 17
6935 8
6936 15
6937 17
6938 14
6939 8
6940 17
6941 25
6942 16
6943 8
6944 13
6945 13
6946 12
6947 10
6948 16
6949 15
6950 8
6951 12
6952 13
6953 22
6954 13
6955 10
6956 14
6957 13
6958 17
6959 20
6960 12
6961 12
6962 8
6963 16
6964 18
6965 23
6966 16
6967 9
6968 15
6969 14
6970 18
6971 12
6972 13
6973 13
6974 12
6975 16
6976 14
6977 18
6978 15
6979 11
6980 11
6981 9
6982 6
6983 13
6984 15
6985 12
6986 13
6987 17
6988 8
6989 8
6990 17
6991 10
6992 12
6993 11
6994 7
6995 16
6996 10
6997 6
6998 9
6999 16
7000 17
7001 14
7002 12
7003 12
7004 9
7005 17
7006 13
7007 9
7008 10
7009 12
7010 23
7011 15
7012 14
7013 9
7014 16
7015 19
7016 19
7017 12
7018 14
7019 10
7020 11
7021 16
7022 12
7023 12
7024 9
7025 17
7026 11
7027 17
7028 11
7029 10
7030 8
7031 12
7032 13
7033 16
7034 14
7035 19
7036 13
7037 9
7038 25
7039 8
7040 12
7041 7
7042 12
7043 16
7044 19
7045 14
7046 8
7047 14
7048 19
7049 13
7050 18
7051 10
7052 10
7053 11
7054 18
7055 13
7056 9
7057 12
7058 14
7059 16
7060 13
7061 12
7062 10
7063 11
7064 10
7065 10
7066 10
7067 14
7068 15
7069 9
7070 15
7071 7
7072 12
7073 7
7074 21
7075 12
7076 15
7077 14
7078 11
7079 11
7080 9
7081 15
7082 12
7083 9
7084 18
7085 23
7086 18
7087 9
7088 7
7089 14
7090 10
7091 16
7092 19
7093 7
7094 14
7095 10
7096 13
7097 18
7098 15
7099 9
7100 12
7101 9
7102 13
7103 16
7104 14
7105 12
7106 8
7107 11
7108 7
7109 8
7110 11
7111 18
7112 9
7113 14
7114 12
7115 14
7116 18
7117 11
7118 10
7119 16
7120 9
7121 6
7122 13
7123 15
7124 12
7125 14
7126 14
7127 15
7128 12
7129 13
7130 11
7131 13
7132 9
7133 11
7134 14
7135 3
7136 12
7137 10
7138 9
7139 12
7140 13
7141 11
7142 11
7143 14
7144 14
7145 11
7146 16
7147 10
7148 13
7149 14
7150 15
7151 11
7152 11
7153 4
7154 13
7155 20
7156 11
7157 9
7158 11
7159 7
7160 15
7161 10
7162 13
7163 7
7164 19
7165 5
7166 15
7167 15
7168 9
7169 12
7170 9
7171 8
7172 13
7173 13
7174 8
7175 15
7176 9
7177 15
7178 11
7179 13
7180 12
7181 16
7182 19
7183 16
7184 18
7185 8
7186 12
7187 16
7188 8
7189 13
7190 12
7191 10
7192 13
7193 12
7194 12
7195 16
7196 17
7197 11
7198 16
7199 11
7200 9
7201 12
7202 12
7203 11
7204 7
7205 11
7206 13
7207 12
7208 11
7209 17
7210 16
7211 11
7212 11
7213 8
7214 8
7215 11
7216 8
7217 18
7218 14
7219 17
7220 13
7221 9
7222 7
7223 16
7224 15
7225 17
7226 9
7227 14
7228 11
7229 13
7230 10
7231 26
7232 12
7233 8
7234 15
7235 15
7236 12
7237 7
7238 18
7239 12
7240 9
7241 16
7242 12
7243 6
7244 11
7245 16
7246 17
7247 17
7248 13
7249 9
7250 17
7251 13
7252 7
7253 5
7254 12
7255 13
7256 13
7257 11
7258 11
7259 8
7260 10
7261 13
7262 13
7263 6
7264 14
7265 15
7266 19
7267 9
7268 17
7269 17
7270 8
7271 14
7272 9
7273 14
7274 11
7275 15
7276 11
7277 4
7278 11
7279 12
7280 9
7281 14
7282 11
7283 4
7284 11
7285 11
7286 12
7287 10
7288 13
7289 15
7290 10
7291 11
7292 14
7293 16
7294 13
7295 10
7296 9
7297 7
7298 15
7299 11
7300 11
7301 9
7302 9
7303 10
7304 3
7305 10
7306 9
7307 8
7308 16
7309 9
7310 12
7311 14
7312 12
7313 16
7314 15
7315 8
7316 12
7317 9
7318 9
7319 11
7320 8
7321 13
7322 13
7323 12
7324 14
7325 12
7326 16
7327 15
7328 10
7329 11
7330 9
7331 11
7332 13
7333 11
7334 14
7335 9
7336 12
7337 10
7338 14
7339 9
7340 14
7341 17
7342 13
7343 18
7344 11
7345 17
7346 5
7347 10
7348 6
7349 11
7350 9
7351 6
7352 13
7353 9
7354 12
7355 11
7356 9
7357 8
7358 9
7359 9
7360 12
7361 8
7362 16
7363 13
7364 7
7365 13
7366 16
7367 11
7368 7
7369 10
7370 19
7371 8
7372 14
7373 8
7374 11
7375 13
7376 17
7377 5
7378 12
7379 3
7380 11
7381 8
7382 10
7383 11
7384 11
7385 12
7386 10
7387 8
7388 8
7389 12
7390 10
7391 11
7392 8
7393 9
7394 11
7395 17
7396 11
7397 17
7398 13
7399 11
7400 12
7401 14
7402 11
7403 15
7404 6
7405 8
7406 10
7407 12
7408 15
7409 19
7410 13
7411 11
7412 5
7413 12
7414 15
7415 10
7416 11
7417 10
7418 9
7419 13
7420 10
7421 12
7422 12
7423 9
7424 12
7425 10
7426 12
7427 11
7428 12
7429 10
7430 16
7431 10
7432 8
7433 11
7434 11
7435 8
7436 8
7437 14
7438 9
7439 13
7440 16
7441 5
7442 14
7443 14
7444 10
7445 12
7446 8
7447 13
7448 9
7449 15
7450 11
7451 17
7452 7
7453 15
7454 15
7455 15
7456 10
7457 13
7458 13
7459 11
7460 14
7461 9
7462 15
7463 15
7464 13
7465 15
7466 11
7467 12
7468 18
7469 17
7470 11
7471 9
7472 12
7473 17
7474 9
7475 13
7476 11
7477 7
7478 11
7479 20
7480 12
7481 15
7482 8
7483 14
7484 14
7485 14
7486 12
7487 10
7488 14
7489 10
7490 7
7491 13
7492 10
7493 10
7494 9
7495 11
7496 14
7497 11
7498 11
7499 11
7500 6
7501 9
7502 8
7503 10
7504 11
7505 3
7506 11
7507 10
7508 12
7509 11
7510 9
7511 7
7512 13
7513 11
7514 12
7515 18
7516 13
7517 14
7518 14
7519 8
7520 14
7521 10
7522 10
7523 8
7524 12
7525 17
7526 13
7527 12
7528 10
7529 9
7530 13
7531 14
7532 18
7533 14
7534 12
7535 10
7536 7
7537 13
7538 17
7539 10
7540 11
7541 10
7542 12
7543 14
7544 12
7545 4
7546 11
7547 10
7548 9
7549 12
7550 8
7551 9
7552 15
7553 13
7554 18
7555 9
7556 14
7557 12
7558 20
7559 8
7560 9
7561 19
7562 12
7563 16
7564 7
7565 9
7566 19
7567 9
7568 12
7569 12
7570 5
7571 17
7572 7
7573 12
7574 5
7575 17
7576 10
7577 12
7578 12
7579 14
7580 11
7581 10
7582 16
7583 11
7584 15
7585 21
7586 9
7587 11
7588 8
7589 17
7590 6
7591 10
7592 10
7593 13
7594 15
7595 10
7596 17
7597 12
7598 14
7599 12
7600 16
7601 11
7602 13
7603 7
7604 7
7605 15
7606 12
7607 13
7608 14
7609 12
7610 8
7611 8
7612 8
7613 7
7614 10
7615 12
7616 15
7617 13
7618 16
7619 14
7620 16
7621 13
7622 7
7623 10
7624 10
7625 7
7626 11
7627 12
7628 10
7629 10
7630 18
7631 14
7632 8
7633 9
7634 13
7635 9
7636 14
7637 17
7638 4
7639 11
7640 17
7641 9
7642 10
7643 16
7644 13
7645 11
7646 7
7647 13
7648 14
7649 14
7650 16
7651 15
7652 9
7653 15
7654 17
7655 10
7656 11
7657 10
7658 4
7659 14
7660 13
7661 12
7662 8
7663 9
7664 10
7665 12
7666 12
7667 15
7668 9
7669 10
7670 15
7671 9
7672 17
7673 15
7674 11
7675 12
7676 10
7677 13
7678 13
7679 13
7680 11
7681 11
7682 18
7683 12
7684 17
7685 12
7686 9
7687 17
7688 12
7689 9
7690 12
7691 13
7692 11
7693 12
7694 12
7695 9
7696 18
7697 14
7698 7
7699 21
7700 10
7701 17
7702 8
7703 12
7704 4
7705 16
7706 8
7707 13
7708 12
7709 9
7710 10
7711 7
7712 14
7713 8
7714 14
7715 11
7716 12
7717 16
7718 11
7719 8
7720 14
7721 6
7722 11
7723 13
7724 14
7725 15
7726 13
7727 11
7728 17
7729 9
7730 11
7731 9
7732 15
7733 8
7734 9
7735 10
7736 9
7737 12
7738 15
7739 16
7740 11
7741 12
7742 6
7743 10
7744 4
7745 8
7746 13
7747 13
7748 11
7749 12
7750 13
7751 4
7752 9
7753 12
7754 13
7755 7
7756 11
7757 12
7758 12
7759 5
7760 15
7761 11
7762 7
7763 7
7764 13
7765 14
7766 17
7767 11
7768 11
7769 9
7770 14
7771 14
7772 6
7773 16
7774 13
7775 6
7776 19
7777 12
7778 9
7779 6
7780 12
7781 9
7782 11
7783 11
7784 6
7785 7
7786 13
7787 9
7788 7
7789 10
7790 15
7791 8
7792 6
7793 12
7794 7
7795 5
7796 13
7797 12
7798 4
7799 15
7800 12
7801 12
7802 10
7803 10
7804 12
7805 12
7806 13
7807 12
7808 12
7809 11
7810 9
7811 9
7812 7
7813 7
7814 10
7815 14
7816 12
7817 14
7818 6
7819 14
7820 14
7821 17
7822 11
7823 10
7824 10
7825 12
7826 12
7827 14
7828 15
7829 13
7830 9
7831 9
7832 8
7833 10
7834 13
7835 7
7836 12
7837 10
7838 12
7839 13
7840 13
7841 9
7842 16
7843 16
7844 12
7845 12
7846 8
7847 11
7848 12
7849 14
7850 11
7851 9
7852 12
7853 18
7854 17
7855 13
7856 12
7857 7
7858 14
7859 11
7860 15
7861 13
7862 12
7863 9
7864 9
7865 8
7866 12
7867 11
7868 8
7869 10
7870 12
7871 11
7872 12
7873 18
7874 7
7875 10
7876 17
7877 12
7878 10
7879 17
7880 12
7881 15
7882 9
7883 10
7884 16
7885 9
7886 8
7887 6
7888 11
7889 9
7890 4
7891 9
7892 10
7893 7
7894 9
7895 8
7896 10
7897 13
7898 8
7899 13
7900 7
7901 14
7902 8
7903 9
7904 17
7905 10
7906 15
7907 12
7908 9
7909 5
7910 16
7911 10
7912 4
7913 9
7914 13
7915 13
7916 16
7917 13
7918 11
7919 10
7920 7
7921 10
7922 10
7923 8
7924 14
7925 8
7926 14
7927 17
7928 11
7929 5
7930 6
7931 6
7932 12
7933 11
7934 12
7935 5
7936 8
7937 9
7938 9
7939 9
7940 8
7941 10
7942 12
7943 7
7944 8
7945 6
7946 8
7947 10
7948 6
7949 8
7950 8
7951 12
7952 4
7953 9
7954 15
7955 8
7956 11
7957 9
7958 8
7959 8
7960 5
7961 14
7962 8
7963 11
7964 7
7965 5
7966 7
7967 8
7968 5
7969 12
7970 7
7971 5
7972 14
7973 9
7974 13
7975 14
7976 7
7977 10
7978 8
7979 7
7980 12
7981 14
7982 11
7983 14
7984 9
7985 14
7986 7
7987 14
7988 10
7989 8
7990 8
7991 9
7992 14
7993 11
7994 11
7995 9
7996 10
7997 10
7998 10
7999 6
8000 10
8001 4
8002 7
8003 9
8004 8
8005 13
8006 8
8007 9
8008 7
8009 11
8010 9
8011 14
8012 14
8013 11
8014 15
8015 12
8016 14
8017 11
8018 10
8019 15
8020 13
8021 6
8022 9
8023 11
8024 5
8025 8
8026 7
8027 19
8028 8
8029 8
8030 8
8031 7
8032 13
8033 13
8034 10
8035 10
8036 7
8037 9
8038 14
8039 5
8040 6
8041 18
8042 12
8043 16
8044 11
8045 13
8046 9
8047 10
8048 11
8049 8
8050 12
8051 9
8052 10
8053 12
8054 8
8055 13
8056 9
8057 10
8058 9
8059 9
8060 12
8061 13
8062 10
8063 6
8064 5
8065 11
8066 13
8067 6
8068 9
8069 14
8070 12
8071 9
8072 8
8073 8
8074 11
8075 11
8076 12
8077 10
8078 15
8079 9
8080 15
8081 10
8082 7
8083 9
8084 12
8085 9
8086 12
8087 9
8088 11
8089 10
8090 9
8091 8
8092 3
8093 8
8094 16
8095 14
8096 11
8097 10
8098 10
8099 8
8100 8
8101 14
8102 9
8103 6
8104 20
8105 8
8106 15
8107 7
8108 6
8109 9
8110 9
8111 8
8112 9
8113 12
8114 16
8115 14
8116 10
8117 10
8118 8
8119 13
8120 10
8121 7
8122 11
8123 12
8124 9
8125 7
8126 10
8127 11
8128 6
8129 6
8130 12
8131 11
8132 7
8133 6
8134 9
8135 16
8136 17
8137 14
8138 10
8139 14
8140 17
8141 10
8142 10
8143 5
8144 10
8145 12
8146 11
8147 14
8148 13
8149 9
8150 11
8151 12
8152 4
8153 11
8154 6
8155 10
8156 15
8157 7
8158 9
8159 6
8160 11
8161 11
8162 16
8163 9
8164 13
8165 11
8166 10
8167 8
8168 6
8169 5
8170 4
8171 7
8172 21
8173 16
8174 9
8175 9
8176 8
8177 12
8178 14
8179 7
8180 15
8181 6
8182 9
8183 11
8184 13
8185 7
8186 9
8187 11
8188 9
8189 8
8190 16
8191 10
8192 12
8193 10
8194 4
8195 16
8196 10
8197 12
8198 10
8199 14
8200 9
8201 8
8202 7
8203 11
8204 5
8205 12
8206 3
8207 12
8208 6
8209 11
8210 16
8211 9
8212 13
8213 13
8214 17
8215 9
8216 17
8217 14
8218 14
8219 8
8220 10
8221 10
8222 12
8223 17
8224 11
8225 6
8226 18
8227 13
8228 7
8229 6
8230 12
8231 15
8232 8
8233 22
8234 11
8235 7
8236 14
8237 15
8238 11
8239 9
8240 12
8241 12
8242 14
8243 4
8244 11
8245 12
8246 12
8247 7
8248 21
8249 9
8250 7
8251 10
8252 11
8253 12
8254 6
8255 12
8256 12
8257 11
8258 16
8259 8
8260 11
8261 14
8262 12
8263 11
8264 17
8265 5
8266 8
8267 14
8268 12
8269 7
8270 11
8271 9
8272 12
8273 8
8274 12
8275 13
8276 5
8277 12
8278 12
8279 13
8280 12
8281 16
8282 12
8283 12
8284 14
8285 8
8286 9
8287 7
8288 8
8289 13
8290 15
8291 12
8292 7
8293 19
8294 7
8295 9
8296 8
8297 5
8298 9
8299 4
8300 16
8301 14
8302 7
8303 12
8304 20
8305 9
8306 13
8307 12
8308 10
8309 16
8310 10
8311 14
8312 5
8313 9
8314 8
8315 10
8316 6
8317 11
8318 7
8319 11
8320 10
8321 10
8322 15
8323 16
8324 10
8325 6
8326 9
8327 15
8328 10
8329 6
8330 12
8331 8
8332 14
8333 6
8334 17
8335 14
8336 8
8337 10
8338 10
8339 9
8340 12
8341 9
8342 17
8343 14
8344 8
8345 4
8346 10
8347 11
8348 10
8349 12
8350 20
8351 14
8352 9
8353 8
8354 12
8355 8
8356 8
8357 11
8358 13
8359 10
8360 13
8361 20
8362 9
8363 6
8364 12
8365 8
8366 16
8367 10
8368 14
8369 15
8370 8
8371 6
8372 6
8373 11
8374 15
8375 13
8376 13
8377 5
8378 9
8379 10
8380 6
8381 6
8382 13
8383 13
8384 14
8385 9
8386 5
8387 11
8388 7
8389 10
8390 11
8391 14
8392 19
8393 9
8394 13
8395 12
8396 16
8397 10
8398 15
8399 2
8400 6
8401 10
8402 8
8403 14
8404 11
8405 12
8406 11
8407 11
8408 10
8409 12
8410 11
8411 16
8412 10
8413 12
8414 11
8415 13
8416 12
8417 12
8418 7
8419 11
8420 9
8421 12
8422 16
8423 12
8424 8
8425 8
8426 10
8427 15
8428 10
8429 16
8430 12
8431 13
8432 12
8433 10
8434 7
8435 14
8436 12
8437 13
8438 13
8439 17
8440 7
8441 7
8442 15
8443 8
8444 12
8445 7
8446 17
8447 17
8448 11
8449 19
8450 19
8451 6
8452 12
8453 16
8454 13
8455 12
8456 11
8457 13
8458 13
8459 10
8460 10
8461 13
8462 17
8463 9
8464 18
8465 17
8466 14
8467 13
8468 10
8469 15
8470 15
8471 10
8472 9
8473 15
8474 12
8475 16
8476 14
8477 10
8478 21
8479 17
8480 19
8481 17
8482 8
8483 15
8484 12
8485 13
8486 9
8487 20
8488 14
8489 16
8490 17
8491 16
8492 16
8493 14
8494 16
8495 14
8496 11
8497 10
8498 8
8499 17
8500 10
8501 9
8502 16
8503 6
8504 11
8505 11
8506 17
8507 15
8508 13
8509 5
8510 12
8511 12
8512 13
8513 18
8514 11
8515 12
8516 15
8517 13
8518 14
8519 16
8520 11
8521 17
8522 16
8523 16
8524 19
8525 10
8526 18
8527 15
8528 12
8529 15
8530 9
8531 11
8532 13
8533 13
8534 10
8535 10
8536 13
8537 11
8538 11
8539 14
8540 13
8541 8
8542 16
8543 11
8544 12
8545 18
8546 15
8547 11
8548 16
8549 13
8550 15
8551 16
8552 18
8553 16
8554 13
8555 12
8556 15
8557 14
8558 17
8559 12
8560 10
8561 12
8562 13
8563 12
8564 16
8565 16
8566 18
8567 19
8568 8
8569 12
8570 9
8571 25
8572 11
8573 7
8574 9
8575 10
8576 15
8577 17
8578 14
8579 16
8580 9
8581 12
8582 15
8583 13
8584 20
8585 12
8586 13
8587 25
8588 16
8589 20
8590 18
8591 12
8592 17
8593 18
8594 13
8595 9
8596 15
8597 14
8598 17
8599 15
8600 13
8601 12
8602 15
8603 21
8604 21
8605 23
8606 7
8607 14
8608 14
8609 10
8610 17
8611 19
8612 14
8613 17
8614 16
8615 15
8616 14
8617 22
8618 20
8619 14
8620 16
8621 12
8622 17
8623 16
8624 15
8625 20
8626 17
8627 15
8628 13
8629 8
8630 13
8631 21
8632 14
8633 10
8634 15
8635 15
8636 22
8637 14
8638 15
8639 14
8640 16
8641 22
8642 18
8643 11
8644 17
8645 16
8646 16
8647 19
8648 23
8649 22
8650 15
8651 17
8652 11
8653 17
8654 20
8655 17
8656 14
8657 16
8658 18
8659 17
8660 12
8661 15
8662 20
8663 9
8664 16
8665 16
8666 11
8667 19
8668 18
8669 17
8670 19
8671 22
8672 13
8673 10
8674 18
8675 15
8676 15
8677 17
8678 15
8679 11
8680 10
8681 16
8682 18
8683 19
8684 16
8685 19
8686 17
8687 20
8688 21
8689 22
8690 16
8691 18
8692 17
8693 17
8694 13
8695 12
8696 15
8697 19
8698 14
8699 20
8700 17
8701 13
8702 19
8703 19
8704 21
8705 16
8706 21
8707 18
8708 17
8709 13
8710 19
8711 20
8712 20
8713 12
8714 26
8715 20
8716 18
8717 23
8718 16
8719 20
8720 11
8721 11
8722 26
8723 16
8724 17
8725 17
8726 20
8727 22
8728 17
8729 23
8730 20
8731 16
8732 12
8733 14
8734 18
8735 16
8736 11
8737 12
8738 23
8739 12
8740 19
8741 17
8742 18
8743 18
8744 19
8745 18
8746 12
8747 25
8748 25
8749 21
8750 22
8751 23
8752 20
8753 12
8754 18
8755 28
8756 20
8757 12
8758 16
8759 23
8760 21
8761 18
8762 21
8763 10
8764 18
8765 17
8766 21
8767 16
8768 16
8769 14
8770 14
8771 20
8772 26
8773 23
8774 27
8775 13
8776 18
8777 21
8778 20
8779 13
8780 14
8781 15
8782 15
8783 20
8784 19
8785 24
8786 23
8787 20
8788 20
8789 21
8790 18
8791 14
8792 18
8793 22
8794 16
8795 22
8796 26
8797 28
8798 27
8799 15
8800 20
8801 15
8802 18
8803 23
8804 17
8805 9
8806 30
8807 35
8808 24
8809 24
8810 25
8811 23
8812 22
8813 18
8814 31
8815 20
8816 20
8817 31
8818 31
8819 16
8820 20
8821 22
8822 16
8823 21
8824 23
8825 25
8826 28
8827 26
8828 24
8829 21
8830 27
8831 27
8832 14
8833 20
8834 14
8835 18
8836 18
8837 23
8838 20
8839 21
8840 19
8841 18
8842 21
8843 23
8844 18
8845 23
8846 22
8847 22
8848 21
8849 21
8850 20
8851 16
8852 20
8853 24
8854 14
8855 23
8856 22
8857 19
8858 26
8859 42
8860 22
8861 25
8862 23
8863 18
8864 20
8865 19
8866 17
8867 16
8868 22
8869 22
8870 29
8871 25
8872 15
8873 23
8874 14
8875 17
8876 20
8877 30
8878 22
8879 16
8880 36
8881 21
8882 26
8883 24
8884 24
8885 29
8886 36
8887 25
8888 23
8889 17
8890 24
8891 31
8892 35
8893 25
8894 33
8895 25
8896 15
8897 22
8898 30
8899 34
8900 26
8901 18
8902 22
8903 35
8904 25
8905 28
8906 20
8907 27
8908 30
8909 32
8910 23
8911 29
8912 21
8913 23
8914 35
8915 24
8916 22
8917 29
8918 28
8919 20
8920 25
8921 29
8922 20
8923 28
8924 23
8925 35
8926 26
8927 32
8928 32
8929 25
8930 22
8931 30
8932 25
8933 18
8934 30
8935 24
8936 33
8937 23
8938 29
8939 16
8940 25
8941 34
8942 25
8943 28
8944 22
8945 25
8946 34
8947 18
8948 23
8949 28
8950 25
8951 23
8952 25
8953 28
8954 26
8955 21
8956 24
8957 26
8958 25
8959 27
8960 17
8961 22
8962 25
8963 29
8964 25
8965 32
8966 19
8967 27
8968 19
8969 27
8970 16
8971 23
8972 27
8973 26
8974 25
8975 18
8976 27
8977 28
8978 25
8979 21
8980 23
8981 18
8982 34
8983 26
8984 29
8985 20
8986 25
8987 24
8988 19
8989 30
8990 30
8991 28
8992 24
8993 29
8994 26
8995 28
8996 27
8997 29
8998 18
8999 27
9000 26
9001 17
9002 26
9003 34
9004 21
9005 35
9006 29
9007 34
9008 24
9009 29
9010 39
9011 23
9012 22
9013 27
9014 18
9015 27
9016 25
9017 29
9018 33
9019 30
9020 35
9021 32
9022 24
9023 29
9024 29
9025 22
9026 25
9027 25
9028 31
9029 29
9030 31
9031 32
9032 25
9033 18
9034 25
9035 37
9036 22
9037 26
9038 22
9039 24
9040 32
9041 20
9042 22
9043 27
9044 29
9045 32
9046 29
9047 21
9048 33
9049 29
9050 39
9051 23
9052 23
9053 23
9054 47
9055 22
9056 21
9057 32
9058 26
9059 25
9060 33
9061 26
9062 25
9063 23
9064 25
9065 37
9066 24
9067 22
9068 26
9069 22
9070 28
9071 20
9072 38
9073 32
9074 22
9075 29
9076 33
9077 29
9078 26
9079 36
9080 29
9081 32
9082 27
9083 39
9084 35
9085 28
9086 26
9087 33
9088 27
9089 24
9090 24
9091 26
9092 30
9093 25
9094 34
9095 29
9096 33
9097 33
9098 31
9099 30
9100 29
9101 34
9102 24
9103 40
9104 42
9105 35
9106 34
9107 28
9108 24
9109 30
9110 36
9111 27
9112 31
9113 27
9114 31
9115 29
9116 30
9117 22
9118 31
9119 30
9120 30
9121 28
9122 25
9123 30
9124 36
9125 25
9126 33
9127 28
9128 30
9129 34
9130 18
9131 28
9132 33
9133 25
9134 37
9135 33
9136 41
9137 40
9138 26
9139 32
9140 42
9141 30
9142 37
9143 19
9144 41
9145 38
9146 33
9147 33
9148 32
9149 33
9150 34
9151 39
9152 33
9153 27
9154 39
9155 34
9156 30
9157 29
9158 33
9159 36
9160 34
9161 30
9162 35
9163 39
9164 31
9165 36
9166 35
9167 38
9168 33
9169 29
9170 36
9171 46
9172 35
9173 37
9174 38
9175 39
9176 48
9177 38
9178 41
9179 32
9180 44
9181 28
9182 32
9183 26
9184 41
9185 37
9186 45
9187 35
9188 25
9189 32
9190 43
9191 38
9192 37
9193 41
9194 45
9195 39
9196 43
9197 27
9198 40
9199 35
9200 40
9201 45
9202 39
9203 28
9204 42
9205 25
9206 31
9207 33
9208 48
9209 47
9210 44
9211 43
9212 47
9213 30
9214 38
9215 35
9216 45
9217 38
9218 39
9219 32
9220 26
9221 43
9222 36
9223 35
9224 36
9225 50
9226 39
9227 39
9228 39
9229 37
9230 38
9231 36
9232 43
9233 29
9234 36
9235 40
9236 36
9237 42
9238 42
9239 38
9240 39
9241 38
9242 46
9243 48
9244 27
9245 40
9246 37
9247 36
9248 44
9249 43
9250 43
9251 35
9252 39
9253 48
9254 23
9255 41
9256 45
9257 43
9258 44
9259 31
9260 43
9261 41
9262 39
9263 46
9264 36
9265 30
9266 37
9267 48
9268 36
9269 32
9270 44
9271 45
9272 31
9273 36
9274 38
9275 26
9276 39
9277 41
9278 42
9279 41
9280 30
9281 40
9282 53
9283 39
9284 33
9285 47
9286 42
9287 42
9288 32
9289 33
9290 40
9291 34
9292 41
9293 36
9294 37
9295 42
9296 39
9297 35
9298 44
9299 36
9300 45
9301 45
9302 37
9303 35
9304 39
9305 40
9306 38
9307 32
9308 42
9309 40
9310 45
9311 43
9312 41
9313 35
9314 45
9315 44
9316 32
9317 39
9318 38
9319 43
9320 49
9321 43
9322 28
9323 38
9324 40
9325 41
9326 39
9327 37
9328 34
9329 42
9330 45
9331 64
9332 39
9333 42
9334 40
9335 44
9336 50
9337 31
9338 44
9339 43
9340 46
9341 31
9342 39
9343 36
9344 41
9345 33
9346 30
9347 34
9348 40
9349 34
9350 42
9351 45
9352 42
9353 41
9354 38
9355 49
9356 31
9357 49
9358 50
9359 31
9360 46
9361 37
9362 36
9363 49
9364 48
9365 48
9366 43
9367 53
9368 45
9369 39
9370 48
9371 40
9372 40
9373 47
9374 44
9375 33
9376 48
9377 37
9378 29
9379 39
9380 51
9381 47
9382 36
9383 47
9384 37
9385 47
9386 35
9387 34
9388 37
9389 43
9390 38
9391 55
9392 52
9393 40
9394 50
9395 36
9396 50
9397 32
9398 41
9399 43
9400 39
9401 47
9402 40
9403 40
9404 51
9405 32
9406 41
9407 52
9408 48
9409 35
9410 33
9411 38
9412 57
9413 66
9414 43
9415 53
9416 36
9417 31
9418 47
9419 50
9420 40
9421 46
9422 38
9423 43
9424 48
9425 41
9426 46
9427 58
9428 51
9429 36
9430 30
9431 45
9432 43
9433 59
9434 46
9435 49
9436 53
9437 52
9438 43
9439 52
9440 46
9441 58
9442 53
9443 36
9444 35
9445 48
9446 50
9447 48
9448 49
9449 45
9450 44
9451 41
9452 61
9453 40
9454 45
9455 57
9456 42
9457 48
9458 44
9459 51
9460 42
9461 59
9462 33
9463 57
9464 41
9465 58
9466 39
9467 47
9468 47
9469 40
9470 48
9471 47
9472 47
9473 50
9474 48
9475 58
9476 47
9477 43
9478 38
9479 40
9480 48
9481 41
9482 48
9483 39
9484 30
9485 41
9486 48
9487 43
9488 42
9489 49
9490 41
9491 50
9492 52
9493 40
9494 39
9495 50
9496 45
9497 46
9498 48
9499 38
9500 58
9501 46
9502 49
9503 44
9504 47
9505 53
9506 39
9507 47
9508 49
9509 46
9510 52
9511 38
9512 54
9513 42
9514 56
9515 51
9516 44
9517 44
9518 47
9519 56
9520 54
9521 58
9522 47
9523 54
9524 43
9525 50
9526 56
9527 34
9528 48
9529 54
9530 41
9531 59
9532 46
9533 52
9534 46
9535 40
9536 47
9537 58
9538 45
9539 48
9540 40
9541 49
9542 50
9543 44
9544 56
9545 52
9546 59
9547 60
9548 33
9549 48
9550 56
9551 63
9552 51
9553 48
9554 52
9555 55
9556 49
9557 56
9558 56
9559 44
9560 60
9561 48
9562 48
9563 45
9564 48
9565 53
9566 37
9567 63
9568 50
9569 58
9570 50
9571 46
9572 40
9573 47
9574 57
9575 52
9576 44
9577 46
9578 46
9579 50
9580 47
9581 51
9582 48
9583 42
9584 51
9585 55
9586 63
9587 42
9588 65
9589 43
9590 48
9591 33
9592 47
9593 44
9594 58
9595 55
9596 53
9597 58
9598 51
9599 68
9600 53
9601 71
9602 40
9603 50
9604 51
9605 43
9606 43
9607 46
9608 55
9609 71
9610 48
9611 40
9612 56
9613 57
9614 52
9615 44
9616 55
9617 56
9618 50
9619 53
9620 55
9621 50
9622 53
9623 51
9624 41
9625 57
9626 49
9627 56
9628 57
9629 48
9630 57
9631 50
9632 46
9633 49
9634 50
9635 48
9636 69
9637 46
9638 59
9639 36
9640 68
9641 50
9642 57
9643 43
9644 54
9645 56
9646 54
9647 55
9648 55
9649 60
9650 53
9651 38
9652 43
9653 60
9654 62
9655 53
9656 55
9657 42
9658 53
9659 59
9660 66
9661 44
9662 45
9663 48
9664 56
9665 58
9666 32
9667 54
9668 45
9669 57
9670 46
9671 52
9672 49
9673 55
9674 41
9675 58
9676 52
9677 53
9678 57
9679 59
9680 48
9681 51
9682 50
9683 43
9684 50
9685 38
9686 51
9687 53
9688 49
9689 50
9690 45
9691 69
9692 67
9693 51
9694 59
9695 45
9696 70
9697 54
9698 68
9699 65
9700 47
9701 57
9702 60
9703 58
9704 54
9705 54
9706 51
9707 62
9708 63
9709 50
9710 51
9711 64
9712 54
9713 47
9714 48
9715 48
9716 56
9717 48
9718 59
9719 56
9720 50
9721 64
9722 46
9723 54
9724 47
9725 66
9726 51
9727 48
9728 62
9729 50
9730 55
9731 47
9732 46
9733 44
9734 55
9735 54
9736 59
9737 48
9738 51
9739 52
9740 58
9741 58
9742 56
9743 50
9744 67
9745 63
9746 63
9747 49
9748 47
9749 61
9750 61
9751 57
9752 62
9753 60
9754 48
9755 51
9756 52
9757 59
9758 57
9759 64
9760 45
9761 51
9762 53
9763 58
9764 61
9765 49
9766 59
9767 50
9768 40
9769 62
9770 46
9771 56
9772 66
9773 53
9774 55
9775 65
9776 56
9777 52
9778 54
9779 51
9780 56
9781 64
9782 47
9783 63
9784 47
9785 64
9786 41
9787 62
9788 48
9789 47
9790 53
9791 56
9792 59
9793 55
9794 50
9795 50
9796 46
9797 62
9798 66
9799 49
9800 51
9801 64
9802 57
9803 48
9804 55
9805 56
9806 46
9807 48
9808 52
9809 56
9810 65
9811 56
9812 55
9813 62
9814 64
9815 48
9816 50
9817 62
9818 36
9819 46
9820 52
9821 46
9822 42
9823 49
9824 66
9825 52
9826 46
9827 55
9828 50
9829 51
9830 58
9831 54
9832 49
9833 64
9834 55
9835 40
9836 55
9837 58
9838 48
9839 40
9840 40
9841 54
9842 55
9843 52
9844 53
9845 46
9846 67
9847 62
9848 51
9849 43
9850 56
9851 47
9852 61
9853 46
9854 48
9855 41
9856 54
9857 42
9858 47
9859 59
9860 50
9861 57
9862 47
9863 56
9864 60
9865 56
9866 55
9867 52
9868 60
9869 56
9870 53
9871 53
9872 50
9873 42
9874 42
9875 57
9876 51
9877 43
9878 50
9879 39
9880 57
9881 55
9882 43
9883 47
9884 52
9885 55
9886 44
9887 62
9888 60
9889 53
9890 54
9891 53
9892 51
9893 47
9894 47
9895 45
9896 63
9897 60
9898 51
9899 55
9900 56
9901 53
9902 52
9903 55
9904 57
9905 59
9906 69
9907 46
9908 49
9909 56
9910 47
9911 62
9912 59
9913 52
9914 53
9915 53
9916 51
9917 51
9918 54
9919 54
9920 52
9921 53
9922 62
9923 53
9924 57
9925 46
9926 60
9927 42
9928 51
9929 55
9930 42
9931 49
9932 49
9933 50
9934 42
9935 60
9936 45
9937 51
9938 52
9939 37
9940 43
9941 58
9942 52
9943 57
9944 50
9945 43
9946 59
9947 48
9948 45
9949 55
9950 53
9951 49
9952 51
9953 58
9954 55
9955 43
9956 59
9957 55
9958 52
9959 61
9960 56
9961 51
9962 58
9963 49
9964 61
9965 56
9966 52
9967 55
9968 59
9969 65
9970 57
9971 58
9972 55
9973 53
9974 70
9975 50
9976 54
9977 53
9978 60
9979 49
9980 57
9981 45
9982 53
9983 53
9984 61
9985 51
9986 44
9987 59
9988 56
9989 53
9990 58
9991 64
9992 53
9993 59
9994 53
9995 51
9996 56
9997 63
9998 52
9999 57
10000 44
10001 122075
