1 706306718
2 149542515
3 141549991
4 125356010
5 103774902
6 84531633
7 69631648
8 58285117
9 49429345
10 42131478
11 35795865
12 30231131
13 25232543
14 20765283
15 16837156
16 13426992
17 10602943
18 8300630
19 6486459
20 5079401
21 4018188
22 3236283
23 2645867
24 2209544
25 1884081
26 1632597
27 1434448
28 1274201
29 1144663
30 1034030
31 936828
32 856556
33 784757
34 721147
35 664128
36 613335
37 569606
38 531198
39 495328
40 462523
41 430518
42 405772
43 380416
44 358976
45 340485
46 320308
47 303899
48 288676
49 273107
50 259423
51 245735
52 233915
53 222591
54 211675
55 202530
56 193362
57 185068
58 177394
59 169851
60 162851
61 155120
62 149817
63 144171
64 138918
65 133013
66 128815
67 123650
68 119390
69 115017
70 110473
71 107186
72 102847
73 99602
74 96470
75 93811
76 90573
77 87106
78 84824
79 81753
80 79361
81 77486
82 74742
83 72860
84 70913
85 69221
86 67190
87 66085
88 63737
89 62108
90 60544
91 59708
92 57708
93 56953
94 55421
95 54009
96 52201
97 51696
98 50589
99 49517
100 48467
101 47965
102 46832
103 45689
104 45303
105 43808
106 43083
107 42077
108 40834
109 40674
110 39742
111 39010
112 38540
113 38131
114 37368
115 36611
116 35726
117 35399
118 35014
119 34720
120 33984
121 33958
122 33254
123 32397
124 32006
125 31684
126 31282
127 30702
128 30503
129 30164
130 29525
131 29319
132 29016
133 28639
134 28362
135 27492
136 27410
137 26638
138 26999
139 25894
140 25661
141 25749
142 25226
143 25091
144 24245
145 23939
146 23824
147 23366
148 22796
149 22476
150 22204
151 22154
152 21645
153 21121
154 21037
155 20950
156 20533
157 20014
158 19655
159 19636
160 19279
161 18833
162 18535
163 18328
164 17909
165 17632
166 17617
167 17053
168 17003
169 16484
170 16402
171 16017
172 15867
173 15462
174 15293
175 14810
176 14685
177 14505
178 14310
179 13917
180 14001
181 13649
182 13246
183 13128
184 13064
185 12887
186 12594
187 12285
188 12346
189 11844
190 11948
191 11779
192 11505
193 11461
194 11148
195 11066
196 11155
197 10861
198 10469
199 10507
200 10111
201 10179
202 10092
203 9824
204 9679
205 9690
206 9743
207 9455
208 9429
209 9037
210 9196
211 8922
212 8933
213 8845
214 8783
215 8700
216 8594
217 8589
218 8397
219 8179
220 8358
221 8174
222 8073
223 7977
224 7878
225 7831
226 7795
227 7653
228 7661
229 7523
230 7475
231 7203
232 7230
233 7296
234 7249
235 7154
236 6857
237 6890
238 6877
239 6656
240 6714
241 6583
242 6665
243 6369
244 6380
245 6278
246 6420
247 6198
248 6259
249 6208
250 6127
251 6101
252 5960
253 5888
254 5852
255 5783
256 5731
257 5872
258 5674
259 5659
260 5613
261 5439
262 5531
263 5432
264 5365
265 5393
266 5267
267 5308
268 5153
269 5137
270 5077
271 5122
272 5148
273 5059
274 4901
275 4939
276 4846
277 4779
278 4827
279 4697
280 4721
281 4552
282 4548
283 4689
284 4580
285 4480
286 4383
287 4462
288 4223
289 4371
290 4341
291 4136
292 4245
293 4186
294 4301
295 4184
296 4179
297 4170
298 3925
299 3955
300 3991
301 3967
302 3968
303 3905
304 3904
305 3938
306 3960
307 3800
308 3806
309 3783
310 3826
311 3655
312 3773
313 3650
314 3619
315 3693
316 3520
317 3528
318 3614
319 3554
320 3458
321 3492
322 3329
323 3425
324 3391
325 3367
326 3382
327 3320
328 3279
329 3340
330 3355
331 3213
332 3138
333 3196
334 3199
335 3059
336 3167
337 3100
338 3031
339 3000
340 3020
341 2905
342 3064
343 2912
344 2919
345 2862
346 2852
347 2881
348 2851
349 2868
350 2741
351 2781
352 2816
353 2806
354 2760
355 2763
356 2667
357 2657
358 2643
359 2697
360 2652
361 2620
362 2596
363 2585
364 2599
365 2614
366 2645
367 2559
368 2522
369 2536
370 2563
371 2468
372 2346
373 2407
374 2365
375 2382
376 2420
377 2375
378 2414
379 2454
380 2371
381 2263
382 2271
383 2324
384 2313
385 2280
386 2269
387 2163
388 2356
389 2195
390 2243
391 2149
392 2151
393 2197
394 2185
395 2101
396 2040
397 2039
398 2049
399 2126
400 1981
401 2091
402 1988
403 1955
404 2021
405 2008
406 1977
407 1909
408 2011
409 1901
410 1944
411 1981
412 1941
413 1867
414 1875
415 1890
416 1749
417 1823
418 1791
419 1813
420 1781
421 1787
422 1747
423 1764
424 1796
425 1724
426 1752
427 1737
428 1804
429 1652
430 1670
431 1734
432 1686
433 1633
434 1693
435 1691
436 1626
437 1596
438 1617
439 1645
440 1568
441 1611
442 1634
443 1653
444 1600
445 1609
446 1561
447 1651
448 1595
449 1628
450 1609
451 1600
452 1560
453 1534
454 1521
455 1491
456 1520
457 1502
458 1552
459 1481
460 1508
461 1514
462 1518
463 1471
464 1459
465 1520
466 1421
467 1484
468 1484
469 1473
470 1436
471 1479
472 1484
473 1456
474 1418
475 1392
476 1449
477 1369
478 1313
479 1358
480 1439
481 1382
482 1368
483 1454
484 1420
485 1365
486 1335
487 1341
488 1248
489 1309
490 1291
491 1351
492 1312
493 1267
494 1358
495 1331
496 1305
497 1300
498 1251
499 1305
500 1340
501 1277
502 1255
503 1252
504 1209
505 1236
506 1156
507 1240
508 1186
509 1256
510 1217
511 1200
512 1237
513 1201
514 1186
515 1218
516 1165
517 1202
518 1173
519 1194
520 1140
521 1169
522 1143
523 1146
524 1128
525 1144
526 1077
527 1129
528 1198
529 1098
530 1144
531 1115
532 1125
533 1058
534 1131
535 1062
536 1056
537 1066
538 1050
539 1114
540 1069
541 1073
542 1044
543 988
544 1027
545 1082
546 1068
547 1068
548 1006
549 1013
550 995
551 1039
552 1042
553 1023
554 941
555 924
556 959
557 963
558 989
559 1025
560 990
561 939
562 988
563 990
564 956
565 1013
566 952
567 1003
568 970
569 957
570 955
571 890
572 917
573 988
574 923
575 912
576 883
577 943
578 945
579 955
580 940
581 920
582 922
583 913
584 876
585 930
586 902
587 903
588 866
589 861
590 826
591 910
592 883
593 863
594 844
595 880
596 892
597 866
598 859
599 814
600 849
601 842
602 862
603 843
604 855
605 820
606 830
607 854
608 841
609 854
610 803
611 815
612 835
613 794
614 835
615 808
616 804
617 780
618 794
619 793
620 765
621 754
622 808
623 824
624 762
625 819
626 789
627 724
628 765
629 732
630 781
631 789
632 777
633 757
634 743
635 744
636 704
637 766
638 753
639 766
640 728
641 733
642 720
643 756
644 737
645 741
646 702
647 713
648 782
649 741
650 736
651 729
652 691
653 708
654 735
655 668
656 734
657 681
658 697
659 746
660 698
661 675
662 740
663 679
664 719
665 730
666 703
667 654
668 668
669 691
670 688
671 743
672 655
673 654
674 672
675 653
676 628
677 618
678 668
679 666
680 662
681 662
682 670
683 634
684 659
685 630
686 711
687 655
688 648
689 631
690 658
691 630
692 652
693 630
694 608
695 611
696 638
697 629
698 624
699 615
700 623
701 631
702 596
703 584
704 632
705 641
706 597
707 609
708 629
709 640
710 595
711 588
712 632
713 592
714 610
715 613
716 584
717 561
718 613
719 591
720 569
721 596
722 591
723 596
724 562
725 597
726 541
727 563
728 583
729 594
730 560
731 586
732 569
733 537
734 578
735 564
736 529
737 524
738 515
739 529
740 571
741 521
742 519
743 552
744 500
745 519
746 479
747 550
748 553
749 513
750 512
751 540
752 560
753 522
754 496
755 541
756 525
757 508
758 513
759 492
760 556
761 516
762 518
763 506
764 478
765 493
766 551
767 548
768 497
769 533
770 495
771 511
772 524
773 491
774 463
775 521
776 482
777 484
778 533
779 473
780 498
781 474
782 450
783 496
784 493
785 487
786 518
787 503
788 477
789 506
790 519
791 487
792 467
793 442
794 498
795 483
796 493
797 467
798 480
799 477
800 510
801 462
802 485
803 494
804 442
805 466
806 486
807 440
808 442
809 493
810 472
811 450
812 456
813 466
814 501
815 490
816 470
817 472
818 445
819 479
820 426
821 475
822 477
823 507
824 458
825 452
826 488
827 426
828 476
829 451
830 482
831 440
832 480
833 456
834 467
835 479
836 462
837 475
838 405
839 432
840 429
841 449
842 427
843 426
844 426
845 393
846 418
847 446
848 427
849 453
850 446
851 420
852 428
853 455
854 423
855 438
856 398
857 452
858 418
859 381
860 428
861 452
862 459
863 438
864 419
865 406
866 401
867 399
868 405
869 438
870 418
871 435
872 453
873 395
874 422
875 425
876 441
877 411
878 417
879 418
880 414
881 396
882 430
883 382
884 407
885 393
886 425
887 410
888 404
889 417
890 425
891 389
892 429
893 412
894 403
895 404
896 410
897 385
898 405
899 398
900 397
901 370
902 403
903 441
904 387
905 371
906 406
907 366
908 442
909 396
910 364
911 385
912 436
913 398
914 398
915 398
916 422
917 398
918 416
919 402
920 392
921 374
922 412
923 409
924 357
925 419
926 383
927 369
928 407
929 383
930 372
931 343
932 381
933 372
934 407
935 363
936 359
937 404
938 370
939 378
940 392
941 347
942 407
943 381
944 390
945 406
946 366
947 366
948 382
949 364
950 331
951 393
952 384
953 403
954 368
955 354
956 355
957 374
958 389
959 349
960 339
961 382
962 346
963 360
964 361
965 353
966 370
967 360
968 368
969 375
970 337
971 334
972 345
973 371
974 397
975 360
976 359
977 381
978 344
979 371
980 358
981 311
982 316
983 363
984 376
985 342
986 315
987 354
988 366
989 378
990 342
991 341
992 321
993 340
994 333
995 334
996 336
997 320
998 343
999 320
1000 304
1001 352
1002 352
1003 304
1004 326
1005 278
1006 322
1007 304
1008 340
1009 272
1010 305
1011 312
1012 347
1013 313
1014 315
1015 296
1016 334
1017 294
1018 314
1019 339
1020 342
1021 312
1022 349
1023 297
1024 328
1025 342
1026 333
1027 312
1028 298
1029 305
1030 324
1031 301
1032 331
1033 278
1034 316
1035 285
1036 294
1037 336
1038 294
1039 287
1040 274
1041 285
1042 267
1043 295
1044 300
1045 289
1046 326
1047 305
1048 254
1049 300
1050 342
1051 267
1052 316
1053 286
1054 271
1055 293
1056 285
1057 291
1058 277
1059 295
1060 256
1061 268
1062 290
1063 283
1064 305
1065 272
1066 272
1067 264
1068 273
1069 282
1070 285
1071 288
1072 267
1073 273
1074 295
1075 270
1076 251
1077 277
1078 252
1079 251
1080 275
1081 257
1082 273
1083 264
1084 270
1085 259
1086 289
1087 276
1088 271
1089 266
1090 283
1091 284
1092 254
1093 267
1094 269
1095 262
1096 269
1097 265
1098 271
1099 284
1100 264
1101 275
1102 269
1103 248
1104 274
1105 284
1106 254
1107 277
1108 277
1109 265
1110 228
1111 262
1112 269
1113 279
1114 266
1115 252
1116 233
1117 281
1118 235
1119 269
1120 250
1121 223
1122 267
1123 214
1124 241
1125 240
1126 233
1127 237
1128 221
1129 235
1130 217
1131 221
1132 253
1133 212
1134 254
1135 240
1136 242
1137 243
1138 239
1139 277
1140 226
1141 219
1142 250
1143 221
1144 243
1145 228
1146 236
1147 217
1148 227
1149 220
1150 229
1151 246
1152 222
1153 228
1154 222
1155 254
1156 242
1157 185
1158 219
1159 234
1160 242
1161 229
1162 255
1163 215
1164 239
1165 231
1166 215
1167 207
1168 240
1169 208
1170 255
1171 213
1172 234
1173 226
1174 221
1175 230
1176 232
1177 214
1178 201
1179 230
1180 237
1181 235
1182 228
1183 211
1184 247
1185 217
1186 233
1187 228
1188 234
1189 212
1190 211
1191 249
1192 208
1193 232
1194 185
1195 215
1196 218
1197 207
1198 209
1199 202
1200 203
1201 219
1202 183
1203 216
1204 232
1205 204
1206 218
1207 214
1208 225
1209 227
1210 211
1211 216
1212 219
1213 212
1214 198
1215 214
1216 223
1217 213
1218 239
1219 224
1220 207
1221 204
1222 211
1223 228
1224 177
1225 218
1226 216
1227 177
1228 221
1229 212
1230 213
1231 187
1232 198
1233 207
1234 230
1235 202
1236 198
1237 186
1238 164
1239 192
1240 207
1241 231
1242 203
1243 209
1244 229
1245 202
1246 192
1247 202
1248 193
1249 203
1250 193
1251 192
1252 197
1253 216
1254 194
1255 216
1256 214
1257 194
1258 168
1259 204
1260 204
1261 179
1262 202
1263 202
1264 179
1265 203
1266 161
1267 197
1268 215
1269 207
1270 196
1271 210
1272 191
1273 190
1274 197
1275 193
1276 166
1277 192
1278 204
1279 179
1280 197
1281 183
1282 213
1283 213
1284 192
1285 170
1286 203
1287 168
1288 168
1289 166
1290 177
1291 200
1292 197
1293 164
1294 189
1295 196
1296 187
1297 196
1298 201
1299 181
1300 190
1301 208
1302 152
1303 172
1304 211
1305 176
1306 210
1307 193
1308 167
1309 197
1310 168
1311 170
1312 195
1313 165
1314 191
1315 185
1316 190
1317 180
1318 178
1319 183
1320 212
1321 212
1322 222
1323 200
1324 195
1325 189
1326 190
1327 195
1328 195
1329 209
1330 197
1331 184
1332 197
1333 185
1334 180
1335 170
1336 188
1337 178
1338 169
1339 207
1340 184
1341 189
1342 191
1343 148
1344 196
1345 176
1346 182
1347 165
1348 179
1349 167
1350 187
1351 176
1352 166
1353 171
1354 193
1355 178
1356 164
1357 174
1358 163
1359 175
1360 190
1361 198
1362 172
1363 193
1364 175
1365 194
1366 158
1367 161
1368 187
1369 187
1370 188
1371 162
1372 173
1373 184
1374 158
1375 170
1376 173
1377 174
1378 159
1379 179
1380 179
1381 163
1382 181
1383 194
1384 177
1385 172
1386 153
1387 154
1388 160
1389 151
1390 168
1391 170
1392 145
1393 183
1394 184
1395 178
1396 167
1397 159
1398 172
1399 169
1400 177
1401 143
1402 170
1403 173
1404 145
1405 143
1406 142
1407 168
1408 166
1409 172
1410 159
1411 169
1412 147
1413 171
1414 168
1415 159
1416 171
1417 172
1418 162
1419 168
1420 150
1421 190
1422 166
1423 182
1424 151
1425 167
1426 158
1427 157
1428 137
1429 139
1430 161
1431 140
1432 132
1433 177
1434 158
1435 136
1436 169
1437 156
1438 129
1439 149
1440 143
1441 154
1442 158
1443 145
1444 152
1445 160
1446 160
1447 152
1448 141
1449 150
1450 152
1451 134
1452 138
1453 138
1454 145
1455 162
1456 125
1457 126
1458 157
1459 145
1460 155
1461 159
1462 148
1463 137
1464 146
1465 144
1466 162
1467 144
1468 144
1469 140
1470 150
1471 144
1472 136
1473 140
1474 153
1475 148
1476 149
1477 126
1478 135
1479 157
1480 137
1481 145
1482 160
1483 141
1484 143
1485 141
1486 144
1487 129
1488 147
1489 156
1490 148
1491 133
1492 165
1493 141
1494 149
1495 136
1496 132
1497 140
1498 124
1499 142
1500 130
1501 124
1502 162
1503 121
1504 146
1505 147
1506 126
1507 127
1508 128
1509 152
1510 148
1511 151
1512 127
1513 141
1514 128
1515 123
1516 123
1517 123
1518 134
1519 159
1520 156
1521 150
1522 137
1523 132
1524 139
1525 153
1526 143
1527 135
1528 135
1529 127
1530 136
1531 142
1532 125
1533 149
1534 132
1535 151
1536 133
1537 113
1538 144
1539 150
1540 104
1541 119
1542 138
1543 126
1544 153
1545 119
1546 126
1547 151
1548 169
1549 135
1550 134
1551 119
1552 127
1553 130
1554 131
1555 154
1556 119
1557 116
1558 131
1559 132
1560 130
1561 120
1562 142
1563 157
1564 127
1565 135
1566 138
1567 119
1568 166
1569 148
1570 132
1571 129
1572 132
1573 118
1574 125
1575 111
1576 111
1577 116
1578 132
1579 112
1580 143
1581 115
1582 130
1583 120
1584 127
1585 119
1586 109
1587 120
1588 129
1589 114
1590 133
1591 110
1592 110
1593 124
1594 126
1595 122
1596 124
1597 129
1598 118
1599 132
1600 129
1601 127
1602 122
1603 132
1604 112
1605 104
1606 121
1607 113
1608 128
1609 123
1610 128
1611 106
1612 116
1613 135
1614 111
1615 115
1616 137
1617 107
1618 111
1619 114
1620 97
1621 143
1622 112
1623 120
1624 112
1625 97
1626 107
1627 106
1628 120
1629 118
1630 124
1631 117
1632 122
1633 117
1634 131
1635 122
1636 116
1637 123
1638 108
1639 109
1640 95
1641 112
1642 111
1643 98
1644 117
1645 132
1646 128
1647 102
1648 116
1649 115
1650 133
1651 123
1652 112
1653 116
1654 145
1655 129
1656 123
1657 93
1658 107
1659 108
1660 125
1661 116
1662 149
1663 127
1664 113
1665 128
1666 109
1667 101
1668 123
1669 133
1670 109
1671 105
1672 104
1673 95
1674 93
1675 121
1676 107
1677 130
1678 108
1679 103
1680 117
1681 99
1682 109
1683 102
1684 108
1685 108
1686 121
1687 105
1688 117
1689 107
1690 112
1691 121
1692 106
1693 107
1694 120
1695 106
1696 111
1697 105
1698 99
1699 122
1700 121
1701 106
1702 132
1703 103
1704 112
1705 101
1706 115
1707 109
1708 78
1709 122
1710 102
1711 96
1712 108
1713 100
1714 106
1715 115
1716 110
1717 126
1718 108
1719 111
1720 119
1721 107
1722 103
1723 102
1724 85
1725 92
1726 103
1727 117
1728 100
1729 101
1730 106
1731 89
1732 112
1733 105
1734 96
1735 115
1736 106
1737 117
1738 114
1739 132
1740 94
1741 103
1742 92
1743 81
1744 106
1745 87
1746 95
1747 87
1748 98
1749 106
1750 111
1751 110
1752 116
1753 107
1754 83
1755 103
1756 121
1757 111
1758 98
1759 96
1760 91
1761 107
1762 98
1763 111
1764 86
1765 88
1766 90
1767 85
1768 76
1769 96
1770 100
1771 99
1772 102
1773 90
1774 104
1775 98
1776 94
1777 105
1778 72
1779 89
1780 82
1781 105
1782 83
1783 93
1784 101
1785 101
1786 100
1787 102
1788 105
1789 103
1790 102
1791 103
1792 85
1793 96
1794 84
1795 96
1796 77
1797 81
1798 91
1799 81
1800 96
1801 73
1802 79
1803 96
1804 109
1805 89
1806 105
1807 75
1808 86
1809 99
1810 80
1811 80
1812 81
1813 77
1814 93
1815 88
1816 88
1817 83
1818 94
1819 87
1820 98
1821 88
1822 88
1823 97
1824 90
1825 79
1826 88
1827 91
1828 89
1829 86
1830 107
1831 86
1832 78
1833 79
1834 79
1835 89
1836 94
1837 102
1838 96
1839 79
1840 77
1841 78
1842 82
1843 91
1844 82
1845 98
1846 91
1847 81
1848 101
1849 82
1850 95
1851 84
1852 89
1853 103
1854 92
1855 106
1856 88
1857 79
1858 85
1859 92
1860 88
1861 81
1862 82
1863 66
1864 93
1865 68
1866 94
1867 68
1868 88
1869 80
1870 82
1871 77
1872 89
1873 94
1874 95
1875 81
1876 74
1877 80
1878 94
1879 82
1880 91
1881 78
1882 71
1883 73
1884 75
1885 84
1886 83
1887 71
1888 83
1889 84
1890 86
1891 79
1892 71
1893 80
1894 87
1895 78
1896 92
1897 103
1898 64
1899 84
1900 91
1901 97
1902 73
1903 89
1904 87
1905 81
1906 76
1907 80
1908 84
1909 79
1910 84
1911 79
1912 88
1913 94
1914 78
1915 76
1916 92
1917 83
1918 84
1919 52
1920 89
1921 67
1922 82
1923 77
1924 87
1925 81
1926 83
1927 66
1928 97
1929 82
1930 89
1931 91
1932 78
1933 67
1934 84
1935 75
1936 71
1937 84
1938 87
1939 84
1940 85
1941 83
1942 90
1943 72
1944 76
1945 88
1946 78
1947 90
1948 65
1949 84
1950 99
1951 65
1952 81
1953 84
1954 79
1955 89
1956 81
1957 59
1958 80
1959 60
1960 75
1961 61
1962 69
1963 81
1964 76
1965 92
1966 78
1967 70
1968 78
1969 82
1970 82
1971 85
1972 84
1973 63
1974 62
1975 74
1976 81
1977 83
1978 58
1979 96
1980 88
1981 64
1982 79
1983 75
1984 74
1985 91
1986 68
1987 75
1988 76
1989 90
1990 76
1991 57
1992 76
1993 76
1994 68
1995 71
1996 70
1997 69
1998 80
1999 74
2000 70
2001 70
2002 79
2003 73
2004 65
2005 82
2006 69
2007 85
2008 70
2009 64
2010 78
2011 75
2012 64
2013 77
2014 76
2015 67
2016 72
2017 75
2018 75
2019 67
2020 76
2021 69
2022 63
2023 85
2024 81
2025 73
2026 74
2027 71
2028 56
2029 74
2030 64
2031 75
2032 68
2033 71
2034 65
2035 60
2036 63
2037 69
2038 75
2039 74
2040 60
2041 71
2042 74
2043 72
2044 65
2045 76
2046 57
2047 89
2048 62
2049 65
2050 59
2051 54
2052 68
2053 58
2054 68
2055 66
2056 71
2057 69
2058 67
2059 71
2060 64
2061 69
2062 56
2063 65
2064 70
2065 70
2066 52
2067 57
2068 55
2069 71
2070 68
2071 63
2072 69
2073 67
2074 72
2075 64
2076 61
2077 64
2078 55
2079 68
2080 66
2081 67
2082 75
2083 74
2084 68
2085 66
2086 56
2087 62
2088 65
2089 73
2090 66
2091 71
2092 70
2093 58
2094 65
2095 69
2096 71
2097 73
2098 59
2099 71
2100 59
2101 71
2102 64
2103 70
2104 79
2105 63
2106 72
2107 45
2108 74
2109 65
2110 67
2111 60
2112 84
2113 55
2114 68
2115 71
2116 67
2117 51
2118 57
2119 65
2120 65
2121 67
2122 61
2123 76
2124 78
2125 69
2126 60
2127 72
2128 64
2129 71
2130 58
2131 72
2132 55
2133 63
2134 53
2135 61
2136 74
2137 58
2138 61
2139 71
2140 65
2141 65
2142 48
2143 66
2144 65
2145 62
2146 54
2147 67
2148 69
2149 68
2150 70
2151 74
2152 71
2153 52
2154 49
2155 51
2156 65
2157 69
2158 63
2159 52
2160 68
2161 70
2162 55
2163 59
2164 47
2165 61
2166 67
2167 62
2168 59
2169 62
2170 50
2171 62
2172 65
2173 60
2174 50
2175 56
2176 52
2177 79
2178 65
2179 71
2180 71
2181 49
2182 68
2183 60
2184 49
2185 58
2186 64
2187 62
2188 52
2189 71
2190 73
2191 63
2192 73
2193 49
2194 63
2195 62
2196 60
2197 69
2198 67
2199 50
2200 54
2201 63
2202 60
2203 53
2204 67
2205 57
2206 62
2207 56
2208 65
2209 66
2210 71
2211 58
2212 73
2213 54
2214 53
2215 74
2216 54
2217 84
2218 72
2219 50
2220 58
2221 66
2222 55
2223 61
2224 84
2225 72
2226 71
2227 73
2228 59
2229 61
2230 72
2231 71
2232 62
2233 58
2234 50
2235 62
2236 62
2237 70
2238 61
2239 47
2240 74
2241 63
2242 65
2243 63
2244 50
2245 47
2246 53
2247 52
2248 58
2249 46
2250 55
2251 61
2252 59
2253 45
2254 72
2255 63
2256 58
2257 50
2258 63
2259 51
2260 52
2261 49
2262 62
2263 52
2264 64
2265 55
2266 48
2267 59
2268 66
2269 49
2270 67
2271 71
2272 51
2273 47
2274 60
2275 69
2276 59
2277 56
2278 46
2279 70
2280 45
2281 62
2282 52
2283 54
2284 47
2285 63
2286 50
2287 59
2288 66
2289 45
2290 50
2291 50
2292 54
2293 48
2294 48
2295 60
2296 58
2297 53
2298 55
2299 54
2300 44
2301 62
2302 52
2303 49
2304 49
2305 60
2306 45
2307 50
2308 50
2309 64
2310 53
2311 61
2312 45
2313 48
2314 61
2315 48
2316 52
2317 53
2318 53
2319 47
2320 64
2321 63
2322 64
2323 67
2324 56
2325 46
2326 56
2327 62
2328 62
2329 54
2330 52
2331 61
2332 57
2333 59
2334 55
2335 65
2336 59
2337 47
2338 64
2339 61
2340 41
2341 56
2342 70
2343 63
2344 50
2345 63
2346 50
2347 59
2348 50
2349 60
2350 62
2351 61
2352 71
2353 61
2354 55
2355 56
2356 49
2357 70
2358 48
2359 57
2360 62
2361 54
2362 55
2363 65
2364 48
2365 41
2366 62
2367 53
2368 56
2369 55
2370 66
2371 50
2372 61
2373 66
2374 62
2375 53
2376 66
2377 53
2378 50
2379 64
2380 57
2381 56
2382 69
2383 67
2384 51
2385 66
2386 48
2387 63
2388 54
2389 60
2390 50
2391 64
2392 71
2393 46
2394 59
2395 63
2396 46
2397 64
2398 56
2399 56
2400 55
2401 65
2402 57
2403 50
2404 56
2405 71
2406 44
2407 63
2408 76
2409 61
2410 69
2411 66
2412 57
2413 66
2414 65
2415 63
2416 67
2417 59
2418 65
2419 57
2420 70
2421 64
2422 57
2423 59
2424 65
2425 70
2426 59
2427 64
2428 55
2429 61
2430 55
2431 65
2432 58
2433 65
2434 68
2435 60
2436 67
2437 68
2438 57
2439 51
2440 68
2441 65
2442 47
2443 73
2444 69
2445 66
2446 58
2447 74
2448 71
2449 65
2450 57
2451 54
2452 74
2453 57
2454 78
2455 59
2456 68
2457 63
2458 67
2459 64
2460 61
2461 67
2462 84
2463 70
2464 61
2465 52
2466 67
2467 71
2468 75
2469 61
2470 64
2471 52
2472 62
2473 61
2474 59
2475 65
2476 63
2477 57
2478 71
2479 64
2480 72
2481 60
2482 60
2483 70
2484 62
2485 53
2486 55
2487 72
2488 73
2489 61
2490 64
2491 62
2492 68
2493 69
2494 67
2495 65
2496 60
2497 64
2498 57
2499 70
2500 67
2501 62
2502 68
2503 70
2504 73
2505 64
2506 68
2507 82
2508 72
2509 68
2510 59
2511 79
2512 61
2513 81
2514 68
2515 72
2516 74
2517 61
2518 63
2519 63
2520 54
2521 64
2522 71
2523 59
2524 88
2525 65
2526 68
2527 65
2528 66
2529 78
2530 68
2531 74
2532 72
2533 74
2534 77
2535 67
2536 81
2537 80
2538 70
2539 85
2540 73
2541 79
2542 59
2543 82
2544 87
2545 84
2546 82
2547 78
2548 71
2549 73
2550 72
2551 60
2552 71
2553 71
2554 86
2555 80
2556 78
2557 72
2558 76
2559 72
2560 56
2561 69
2562 73
2563 73
2564 72
2565 75
2566 60
2567 66
2568 73
2569 69
2570 67
2571 78
2572 73
2573 77
2574 88
2575 69
2576 59
2577 69
2578 67
2579 73
2580 74
2581 66
2582 59
2583 75
2584 82
2585 64
2586 65
2587 77
2588 66
2589 78
2590 62
2591 82
2592 85
2593 77
2594 64
2595 74
2596 102
2597 78
2598 87
2599 70
2600 73
2601 68
2602 64
2603 62
2604 79
2605 55
2606 79
2607 61
2608 69
2609 56
2610 66
2611 85
2612 79
2613 75
2614 83
2615 76
2616 65
2617 67
2618 84
2619 82
2620 77
2621 84
2622 55
2623 87
2624 78
2625 78
2626 81
2627 72
2628 81
2629 74
2630 85
2631 83
2632 64
2633 68
2634 54
2635 66
2636 65
2637 72
2638 65
2639 88
2640 85
2641 89
2642 77
2643 58
2644 87
2645 66
2646 82
2647 74
2648 90
2649 80
2650 72
2651 69
2652 81
2653 74
2654 78
2655 87
2656 79
2657 91
2658 90
2659 80
2660 73
2661 71
2662 79
2663 78
2664 75
2665 71
2666 77
2667 96
2668 72
2669 98
2670 88
2671 75
2672 75
2673 81
2674 85
2675 77
2676 78
2677 68
2678 89
2679 79
2680 86
2681 94
2682 83
2683 92
2684 87
2685 77
2686 89
2687 87
2688 95
2689 93
2690 101
2691 89
2692 66
2693 92
2694 83
2695 79
2696 92
2697 80
2698 82
2699 70
2700 83
2701 72
2702 80
2703 87
2704 74
2705 91
2706 65
2707 72
2708 94
2709 69
2710 109
2711 97
2712 88
2713 90
2714 79
2715 76
2716 81
2717 85
2718 76
2719 85
2720 100
2721 73
2722 78
2723 99
2724 78
2725 72
2726 71
2727 94
2728 78
2729 84
2730 84
2731 73
2732 83
2733 68
2734 86
2735 78
2736 92
2737 70
2738 70
2739 77
2740 89
2741 85
2742 63
2743 75
2744 70
2745 80
2746 81
2747 81
2748 77
2749 88
2750 68
2751 88
2752 74
2753 88
2754 77
2755 86
2756 82
2757 76
2758 89
2759 72
2760 78
2761 67
2762 81
2763 76
2764 83
2765 86
2766 84
2767 76
2768 69
2769 77
2770 85
2771 89
2772 85
2773 82
2774 78
2775 94
2776 97
2777 73
2778 80
2779 78
2780 79
2781 86
2782 81
2783 78
2784 94
2785 86
2786 74
2787 107
2788 81
2789 80
2790 65
2791 97
2792 99
2793 76
2794 66
2795 69
2796 82
2797 74
2798 74
2799 87
2800 81
2801 72
2802 82
2803 87
2804 91
2805 70
2806 78
2807 80
2808 81
2809 73
2810 92
2811 74
2812 70
2813 102
2814 87
2815 101
2816 85
2817 77
2818 68
2819 77
2820 81
2821 81
2822 77
2823 71
2824 71
2825 87
2826 85
2827 69
2828 87
2829 100
2830 95
2831 82
2832 91
2833 86
2834 95
2835 89
2836 94
2837 92
2838 87
2839 81
2840 77
2841 82
2842 75
2843 96
2844 80
2845 94
2846 88
2847 88
2848 78
2849 78
2850 87
2851 88
2852 83
2853 101
2854 78
2855 91
2856 89
2857 88
2858 96
2859 79
2860 84
2861 90
2862 81
2863 79
2864 81
2865 83
2866 83
2867 74
2868 85
2869 96
2870 89
2871 81
2872 95
2873 94
2874 87
2875 83
2876 103
2877 87
2878 99
2879 96
2880 84
2881 98
2882 84
2883 86
2884 77
2885 103
2886 88
2887 94
2888 79
2889 96
2890 84
2891 82
2892 110
2893 87
2894 75
2895 95
2896 68
2897 109
2898 84
2899 84
2900 88
2901 84
2902 87
2903 103
2904 97
2905 93
2906 93
2907 80
2908 80
2909 85
2910 92
2911 96
2912 92
2913 85
2914 96
2915 101
2916 99
2917 90
2918 84
2919 84
2920 95
2921 93
2922 100
2923 83
2924 83
2925 97
2926 85
2927 94
2928 92
2929 98
2930 84
2931 95
2932 94
2933 83
2934 107
2935 94
2936 94
2937 86
2938 77
2939 103
2940 94
2941 99
2942 102
2943 90
2944 86
2945 101
2946 111
2947 81
2948 114
2949 85
2950 80
2951 86
2952 98
2953 91
2954 98
2955 99
2956 98
2957 92
2958 79
2959 90
2960 85
2961 97
2962 112
2963 89
2964 97
2965 91
2966 88
2967 92
2968 67
2969 81
2970 91
2971 102
2972 109
2973 107
2974 105
2975 100
2976 91
2977 90
2978 107
2979 87
2980 105
2981 86
2982 91
2983 101
2984 98
2985 106
2986 98
2987 82
2988 91
2989 99
2990 96
2991 96
2992 102
2993 114
2994 91
2995 110
2996 95
2997 93
2998 105
2999 92
3000 96
3001 103
3002 93
3003 105
3004 107
3005 93
3006 103
3007 106
3008 107
3009 121
3010 98
3011 90
3012 104
3013 95
3014 115
3015 115
3016 110
3017 99
3018 95
3019 92
3020 116
3021 103
3022 104
3023 96
3024 102
3025 97
3026 88
3027 111
3028 94
3029 111
3030 115
3031 108
3032 93
3033 91
3034 83
3035 103
3036 109
3037 97
3038 87
3039 101
3040 109
3041 114
3042 111
3043 113
3044 104
3045 104
3046 98
3047 105
3048 100
3049 110
3050 104
3051 111
3052 107
3053 88
3054 92
3055 88
3056 97
3057 107
3058 104
3059 112
3060 91
3061 103
3062 101
3063 88
3064 89
3065 130
3066 99
3067 100
3068 100
3069 117
3070 104
3071 99
3072 87
3073 95
3074 91
3075 101
3076 97
3077 81
3078 96
3079 110
3080 105
3081 105
3082 102
3083 91
3084 96
3085 121
3086 94
3087 111
3088 104
3089 103
3090 111
3091 107
3092 95
3093 84
3094 112
3095 111
3096 102
3097 114
3098 79
3099 101
3100 106
3101 110
3102 117
3103 98
3104 99
3105 117
3106 103
3107 122
3108 102
3109 102
3110 100
3111 104
3112 96
3113 97
3114 105
3115 94
3116 108
3117 109
3118 108
3119 117
3120 113
3121 105
3122 102
3123 107
3124 117
3125 96
3126 120
3127 107
3128 92
3129 109
3130 95
3131 100
3132 106
3133 96
3134 120
3135 99
3136 104
3137 101
3138 106
3139 100
3140 89
3141 89
3142 108
3143 110
3144 110
3145 103
3146 93
3147 93
3148 110
3149 84
3150 103
3151 99
3152 106
3153 114
3154 95
3155 94
3156 104
3157 104
3158 99
3159 111
3160 97
3161 108
3162 99
3163 102
3164 97
3165 102
3166 90
3167 86
3168 105
3169 97
3170 101
3171 100
3172 67
3173 94
3174 83
3175 105
3176 106
3177 97
3178 115
3179 104
3180 107
3181 110
3182 103
3183 92
3184 88
3185 103
3186 89
3187 86
3188 105
3189 80
3190 105
3191 94
3192 95
3193 87
3194 97
3195 97
3196 95
3197 86
3198 92
3199 77
3200 112
3201 90
3202 94
3203 86
3204 85
3205 99
3206 102
3207 84
3208 86
3209 110
3210 95
3211 92
3212 97
3213 106
3214 94
3215 92
3216 76
3217 78
3218 107
3219 107
3220 105
3221 93
3222 92
3223 86
3224 112
3225 80
3226 93
3227 95
3228 85
3229 82
3230 97
3231 104
3232 111
3233 106
3234 90
3235 109
3236 101
3237 105
3238 94
3239 87
3240 111
3241 93
3242 100
3243 101
3244 100
3245 119
3246 105
3247 95
3248 106
3249 90
3250 96
3251 100
3252 85
3253 100
3254 113
3255 110
3256 101
3257 97
3258 92
3259 99
3260 104
3261 105
3262 90
3263 115
3264 114
3265 90
3266 109
3267 118
3268 88
3269 120
3270 89
3271 102
3272 93
3273 106
3274 99
3275 99
3276 104
3277 94
3278 98
3279 102
3280 94
3281 112
3282 99
3283 88
3284 89
3285 79
3286 88
3287 111
3288 114
3289 98
3290 116
3291 110
3292 95
3293 108
3294 109
3295 94
3296 108
3297 112
3298 104
3299 86
3300 95
3301 85
3302 88
3303 97
3304 94
3305 113
3306 99
3307 100
3308 86
3309 107
3310 118
3311 113
3312 101
3313 101
3314 90
3315 93
3316 100
3317 114
3318 94
3319 92
3320 100
3321 103
3322 98
3323 103
3324 101
3325 96
3326 94
3327 91
3328 111
3329 102
3330 109
3331 93
3332 80
3333 101
3334 106
3335 97
3336 91
3337 103
3338 103
3339 105
3340 118
3341 109
3342 80
3343 78
3344 81
3345 87
3346 104
3347 119
3348 76
3349 94
3350 109
3351 83
3352 76
3353 95
3354 87
3355 94
3356 90
3357 106
3358 80
3359 118
3360 102
3361 108
3362 83
3363 98
3364 99
3365 91
3366 106
3367 98
3368 98
3369 88
3370 109
3371 96
3372 81
3373 105
3374 87
3375 108
3376 101
3377 79
3378 90
3379 105
3380 93
3381 110
3382 90
3383 102
3384 95
3385 98
3386 99
3387 112
3388 96
3389 105
3390 102
3391 84
3392 95
3393 101
3394 95
3395 106
3396 98
3397 95
3398 77
3399 88
3400 85
3401 103
3402 107
3403 96
3404 107
3405 98
3406 100
3407 87
3408 88
3409 87
3410 106
3411 115
3412 90
3413 95
3414 82
3415 95
3416 85
3417 107
3418 92
3419 106
3420 97
3421 123
3422 98
3423 90
3424 97
3425 88
3426 98
3427 91
3428 90
3429 93
3430 93
3431 91
3432 67
3433 96
3434 106
3435 91
3436 85
3437 89
3438 87
3439 92
3440 93
3441 97
3442 86
3443 97
3444 85
3445 85
3446 91
3447 73
3448 98
3449 87
3450 106
3451 92
3452 103
3453 88
3454 99
3455 108
3456 95
3457 93
3458 113
3459 93
3460 94
3461 107
3462 96
3463 109
3464 108
3465 102
3466 109
3467 102
3468 95
3469 84
3470 113
3471 87
3472 102
3473 119
3474 85
3475 89
3476 74
3477 101
3478 114
3479 112
3480 97
3481 108
3482 106
3483 92
3484 113
3485 95
3486 97
3487 99
3488 93
3489 109
3490 99
3491 92
3492 110
3493 98
3494 117
3495 85
3496 130
3497 96
3498 93
3499 105
3500 85
3501 100
3502 100
3503 94
3504 106
3505 102
3506 99
3507 98
3508 94
3509 102
3510 94
3511 121
3512 89
3513 114
3514 96
3515 107
3516 105
3517 79
3518 107
3519 81
3520 119
3521 107
3522 110
3523 115
3524 106
3525 99
3526 127
3527 111
3528 96
3529 100
3530 95
3531 104
3532 91
3533 104
3534 102
3535 113
3536 98
3537 100
3538 89
3539 110
3540 103
3541 102
3542 94
3543 105
3544 114
3545 89
3546 119
3547 91
3548 75
3549 103
3550 85
3551 82
3552 111
3553 111
3554 104
3555 88
3556 90
3557 94
3558 109
3559 106
3560 93
3561 80
3562 92
3563 91
3564 107
3565 84
3566 95
3567 112
3568 95
3569 96
3570 113
3571 104
3572 111
3573 91
3574 108
3575 87
3576 93
3577 92
3578 104
3579 99
3580 94
3581 96
3582 99
3583 100
3584 96
3585 76
3586 89
3587 91
3588 104
3589 108
3590 93
3591 82
3592 93
3593 97
3594 85
3595 85
3596 92
3597 89
3598 88
3599 101
3600 101
3601 86
3602 84
3603 86
3604 80
3605 98
3606 108
3607 90
3608 96
3609 108
3610 80
3611 92
3612 90
3613 83
3614 90
3615 96
3616 86
3617 95
3618 87
3619 77
3620 89
3621 96
3622 88
3623 104
3624 89
3625 88
3626 92
3627 91
3628 88
3629 82
3630 103
3631 100
3632 88
3633 88
3634 90
3635 95
3636 100
3637 91
3638 83
3639 85
3640 90
3641 102
3642 89
3643 79
3644 69
3645 69
3646 74
3647 84
3648 96
3649 89
3650 90
3651 95
3652 68
3653 87
3654 76
3655 86
3656 89
3657 97
3658 92
3659 84
3660 71
3661 95
3662 95
3663 85
3664 104
3665 98
3666 66
3667 100
3668 82
3669 95
3670 87
3671 93
3672 81
3673 75
3674 81
3675 72
3676 106
3677 78
3678 89
3679 88
3680 90
3681 85
3682 65
3683 92
3684 94
3685 83
3686 73
3687 75
3688 94
3689 84
3690 87
3691 75
3692 69
3693 95
3694 90
3695 86
3696 92
3697 96
3698 89
3699 84
3700 91
3701 98
3702 85
3703 92
3704 88
3705 78
3706 82
3707 100
3708 87
3709 86
3710 90
3711 86
3712 79
3713 66
3714 70
3715 102
3716 81
3717 94
3718 76
3719 69
3720 87
3721 67
3722 76
3723 102
3724 88
3725 75
3726 69
3727 78
3728 68
3729 75
3730 84
3731 72
3732 86
3733 79
3734 78
3735 87
3736 91
3737 80
3738 75
3739 98
3740 94
3741 76
3742 90
3743 80
3744 74
3745 85
3746 85
3747 80
3748 73
3749 75
3750 79
3751 93
3752 86
3753 64
3754 93
3755 87
3756 87
3757 80
3758 73
3759 72
3760 73
3761 84
3762 94
3763 80
3764 79
3765 87
3766 85
3767 84
3768 88
3769 61
3770 96
3771 80
3772 86
3773 89
3774 79
3775 70
3776 82
3777 91
3778 63
3779 69
3780 80
3781 97
3782 57
3783 63
3784 89
3785 75
3786 88
3787 71
3788 72
3789 79
3790 86
3791 61
3792 77
3793 77
3794 76
3795 72
3796 82
3797 94
3798 77
3799 83
3800 78
3801 65
3802 67
3803 64
3804 78
3805 77
3806 56
3807 84
3808 66
3809 72
3810 83
3811 57
3812 70
3813 52
3814 82
3815 65
3816 60
3817 69
3818 56
3819 64
3820 78
3821 68
3822 74
3823 62
3824 63
3825 68
3826 61
3827 63
3828 80
3829 72
3830 60
3831 77
3832 69
3833 72
3834 65
3835 65
3836 62
3837 81
3838 53
3839 60
3840 64
3841 65
3842 59
3843 79
3844 54
3845 68
3846 66
3847 76
3848 52
3849 51
3850 58
3851 66
3852 66
3853 78
3854 74
3855 68
3856 68
3857 76
3858 68
3859 57
3860 73
3861 66
3862 72
3863 55
3864 64
3865 50
3866 61
3867 60
3868 59
3869 66
3870 77
3871 65
3872 63
3873 55
3874 62
3875 54
3876 67
3877 71
3878 58
3879 62
3880 49
3881 74
3882 60
3883 60
3884 73
3885 53
3886 60
3887 75
3888 64
3889 55
3890 60
3891 64
3892 66
3893 52
3894 67
3895 51
3896 56
3897 64
3898 63
3899 62
3900 49
3901 60
3902 63
3903 62
3904 49
3905 61
3906 65
3907 44
3908 63
3909 59
3910 52
3911 65
3912 60
3913 43
3914 51
3915 51
3916 51
3917 53
3918 55
3919 56
3920 64
3921 48
3922 53
3923 46
3924 62
3925 58
3926 56
3927 65
3928 56
3929 48
3930 43
3931 55
3932 48
3933 67
3934 52
3935 64
3936 51
3937 55
3938 40
3939 47
3940 52
3941 47
3942 59
3943 65
3944 60
3945 55
3946 61
3947 62
3948 51
3949 41
3950 53
3951 64
3952 51
3953 54
3954 56
3955 52
3956 55
3957 45
3958 60
3959 40
3960 43
3961 46
3962 39
3963 67
3964 48
3965 52
3966 58
3967 51
3968 45
3969 40
3970 54
3971 56
3972 52
3973 69
3974 53
3975 57
3976 43
3977 59
3978 39
3979 47
3980 55
3981 61
3982 56
3983 37
3984 46
3985 53
3986 50
3987 46
3988 49
3989 50
3990 44
3991 49
3992 46
3993 54
3994 56
3995 54
3996 60
3997 49
3998 41
3999 57
4000 42
4001 58
4002 54
4003 60
4004 56
4005 70
4006 52
4007 63
4008 49
4009 50
4010 61
4011 49
4012 58
4013 42
4014 63
4015 38
4016 46
4017 56
4018 40
4019 48
4020 48
4021 58
4022 45
4023 56
4024 46
4025 56
4026 51
4027 44
4028 49
4029 54
4030 37
4031 51
4032 60
4033 47
4034 59
4035 36
4036 50
4037 47
4038 41
4039 44
4040 52
4041 49
4042 54
4043 36
4044 48
4045 53
4046 50
4047 39
4048 42
4049 39
4050 54
4051 45
4052 41
4053 66
4054 49
4055 50
4056 46
4057 40
4058 44
4059 49
4060 32
4061 43
4062 47
4063 59
4064 36
4065 50
4066 43
4067 51
4068 49
4069 40
4070 44
4071 39
4072 41
4073 42
4074 44
4075 42
4076 50
4077 45
4078 42
4079 49
4080 42
4081 44
4082 33
4083 45
4084 51
4085 40
4086 52
4087 51
4088 47
4089 46
4090 44
4091 41
4092 34
4093 56
4094 44
4095 29
4096 35
4097 38
4098 46
4099 31
4100 40
4101 30
4102 35
4103 46
4104 35
4105 41
4106 41
4107 36
4108 32
4109 48
4110 46
4111 47
4112 44
4113 35
4114 35
4115 36
4116 36
4117 38
4118 43
4119 34
4120 29
4121 31
4122 42
4123 41
4124 23
4125 43
4126 35
4127 33
4128 30
4129 42
4130 35
4131 29
4132 44
4133 29
4134 40
4135 37
4136 31
4137 45
4138 44
4139 36
4140 42
4141 41
4142 48
4143 51
4144 35
4145 31
4146 38
4147 39
4148 40
4149 42
4150 38
4151 32
4152 35
4153 23
4154 32
4155 39
4156 29
4157 36
4158 40
4159 37
4160 38
4161 30
4162 32
4163 32
4164 36
4165 33
4166 30
4167 38
4168 25
4169 36
4170 28
4171 34
4172 34
4173 41
4174 38
4175 31
4176 29
4177 38
4178 40
4179 35
4180 38
4181 44
4182 25
4183 21
4184 28
4185 36
4186 30
4187 42
4188 42
4189 29
4190 31
4191 39
4192 24
4193 34
4194 30
4195 32
4196 35
4197 29
4198 32
4199 33
4200 38
4201 36
4202 34
4203 32
4204 32
4205 33
4206 32
4207 44
4208 27
4209 29
4210 37
4211 28
4212 41
4213 34
4214 33
4215 37
4216 41
4217 30
4218 28
4219 31
4220 25
4221 40
4222 36
4223 41
4224 37
4225 31
4226 31
4227 32
4228 37
4229 31
4230 37
4231 37
4232 37
4233 27
4234 31
4235 32
4236 29
4237 37
4238 28
4239 35
4240 48
4241 42
4242 26
4243 22
4244 32
4245 40
4246 34
4247 32
4248 33
4249 34
4250 35
4251 42
4252 40
4253 33
4254 27
4255 32
4256 29
4257 35
4258 46
4259 32
4260 40
4261 21
4262 25
4263 29
4264 30
4265 19
4266 32
4267 34
4268 20
4269 52
4270 43
4271 28
4272 28
4273 36
4274 33
4275 36
4276 19
4277 34
4278 23
4279 38
4280 37
4281 32
4282 27
4283 34
4284 33
4285 33
4286 21
4287 30
4288 39
4289 40
4290 31
4291 33
4292 25
4293 29
4294 18
4295 31
4296 33
4297 30
4298 33
4299 35
4300 25
4301 17
4302 22
4303 23
4304 28
4305 29
4306 20
4307 26
4308 31
4309 24
4310 36
4311 25
4312 29
4313 28
4314 27
4315 24
4316 35
4317 38
4318 21
4319 20
4320 32
4321 28
4322 30
4323 24
4324 27
4325 18
4326 34
4327 31
4328 25
4329 16
4330 31
4331 14
4332 23
4333 25
4334 38
4335 32
4336 21
4337 15
4338 28
4339 30
4340 28
4341 25
4342 26
4343 23
4344 21
4345 34
4346 16
4347 24
4348 24
4349 13
4350 21
4351 20
4352 28
4353 28
4354 25
4355 29
4356 23
4357 17
4358 23
4359 18
4360 19
4361 26
4362 20
4363 27
4364 10
4365 29
4366 26
4367 13
4368 16
4369 22
4370 30
4371 20
4372 35
4373 22
4374 29
4375 17
4376 33
4377 24
4378 28
4379 28
4380 28
4381 23
4382 13
4383 14
4384 18
4385 20
4386 29
4387 14
4388 16
4389 23
4390 15
4391 14
4392 22
4393 18
4394 19
4395 20
4396 22
4397 23
4398 31
4399 27
4400 23
4401 22
4402 16
4403 22
4404 20
4405 15
4406 17
4407 16
4408 21
4409 40
4410 27
4411 18
4412 9
4413 21
4414 17
4415 25
4416 27
4417 24
4418 25
4419 20
4420 16
4421 16
4422 11
4423 22
4424 19
4425 9
4426 22
4427 16
4428 22
4429 19
4430 19
4431 20
4432 20
4433 12
4434 29
4435 14
4436 17
4437 26
4438 28
4439 20
4440 15
4441 25
4442 17
4443 19
4444 18
4445 17
4446 24
4447 21
4448 21
4449 17
4450 25
4451 25
4452 16
4453 19
4454 18
4455 20
4456 17
4457 17
4458 20
4459 24
4460 19
4461 29
4462 17
4463 24
4464 17
4465 19
4466 21
4467 25
4468 22
4469 20
4470 23
4471 20
4472 23
4473 22
4474 22
4475 16
4476 22
4477 26
4478 21
4479 20
4480 29
4481 21
4482 22
4483 24
4484 16
4485 20
4486 20
4487 18
4488 17
4489 24
4490 17
4491 17
4492 25
4493 16
4494 17
4495 18
4496 20
4497 19
4498 13
4499 20
4500 17
4501 17
4502 19
4503 27
4504 17
4505 12
4506 18
4507 14
4508 30
4509 23
4510 23
4511 18
4512 25
4513 23
4514 19
4515 24
4516 22
4517 14
4518 13
4519 21
4520 22
4521 25
4522 19
4523 26
4524 20
4525 26
4526 17
4527 26
4528 28
4529 15
4530 26
4531 16
4532 16
4533 26
4534 14
4535 20
4536 24
4537 27
4538 31
4539 18
4540 18
4541 15
4542 17
4543 24
4544 18
4545 21
4546 24
4547 22
4548 16
4549 15
4550 13
4551 24
4552 17
4553 17
4554 15
4555 17
4556 17
4557 23
4558 18
4559 24
4560 24
4561 20
4562 19
4563 14
4564 21
4565 19
4566 36
4567 26
4568 25
4569 12
4570 17
4571 26
4572 14
4573 19
4574 12
4575 21
4576 20
4577 17
4578 11
4579 26
4580 19
4581 23
4582 19
4583 21
4584 22
4585 17
4586 16
4587 13
4588 20
4589 15
4590 11
4591 11
4592 24
4593 24
4594 18
4595 17
4596 17
4597 12
4598 17
4599 14
4600 18
4601 20
4602 22
4603 14
4604 36
4605 20
4606 15
4607 15
4608 22
4609 19
4610 15
4611 14
4612 12
4613 19
4614 15
4615 20
4616 19
4617 24
4618 20
4619 21
4620 16
4621 18
4622 26
4623 13
4624 15
4625 15
4626 15
4627 15
4628 22
4629 17
4630 18
4631 24
4632 18
4633 14
4634 24
4635 23
4636 14
4637 14
4638 19
4639 18
4640 18
4641 16
4642 17
4643 24
4644 19
4645 19
4646 19
4647 25
4648 22
4649 15
4650 16
4651 20
4652 25
4653 13
4654 11
4655 18
4656 11
4657 16
4658 20
4659 10
4660 23
4661 20
4662 16
4663 15
4664 16
4665 13
4666 16
4667 16
4668 18
4669 19
4670 14
4671 19
4672 23
4673 12
4674 20
4675 20
4676 17
4677 21
4678 11
4679 24
4680 17
4681 7
4682 15
4683 16
4684 20
4685 16
4686 13
4687 20
4688 14
4689 19
4690 22
4691 22
4692 13
4693 23
4694 11
4695 18
4696 20
4697 13
4698 18
4699 16
4700 19
4701 13
4702 14
4703 14
4704 16
4705 21
4706 15
4707 11
4708 7
4709 18
4710 11
4711 21
4712 19
4713 14
4714 15
4715 14
4716 13
4717 15
4718 17
4719 14
4720 19
4721 21
4722 18
4723 18
4724 22
4725 14
4726 17
4727 14
4728 21
4729 17
4730 13
4731 21
4732 10
4733 16
4734 18
4735 16
4736 18
4737 20
4738 17
4739 13
4740 11
4741 17
4742 13
4743 19
4744 8
4745 20
4746 20
4747 17
4748 13
4749 17
4750 12
4751 12
4752 22
4753 10
4754 12
4755 12
4756 17
4757 24
4758 14
4759 10
4760 11
4761 17
4762 11
4763 15
4764 14
4765 14
4766 19
4767 15
4768 17
4769 15
4770 18
4771 16
4772 15
4773 11
4774 12
4775 7
4776 10
4777 12
4778 13
4779 10
4780 10
4781 19
4782 13
4783 11
4784 11
4785 19
4786 11
4787 25
4788 16
4789 11
4790 20
4791 18
4792 16
4793 10
4794 17
4795 17
4796 20
4797 7
4798 16
4799 17
4800 14
4801 21
4802 17
4803 17
4804 23
4805 16
4806 22
4807 16
4808 14
4809 17
4810 15
4811 18
4812 12
4813 13
4814 15
4815 13
4816 12
4817 13
4818 12
4819 16
4820 13
4821 14
4822 16
4823 19
4824 15
4825 9
4826 17
4827 16
4828 13
4829 16
4830 14
4831 7
4832 15
4833 15
4834 19
4835 10
4836 18
4837 15
4838 15
4839 19
4840 15
4841 11
4842 9
4843 6
4844 12
4845 13
4846 15
4847 12
4848 11
4849 9
4850 12
4851 15
4852 12
4853 15
4854 15
4855 19
4856 12
4857 13
4858 7
4859 18
4860 13
4861 10
4862 6
4863 12
4864 17
4865 11
4866 9
4867 10
4868 11
4869 11
4870 10
4871 17
4872 13
4873 16
4874 20
4875 11
4876 9
4877 16
4878 14
4879 9
4880 7
4881 17
4882 15
4883 11
4884 13
4885 12
4886 12
4887 17
4888 14
4889 13
4890 10
4891 14
4892 9
4893 9
4894 11
4895 12
4896 9
4897 21
4898 11
4899 12
4900 17
4901 9
4902 8
4903 13
4904 8
4905 10
4906 16
4907 16
4908 19
4909 12
4910 18
4911 13
4912 11
4913 14
4914 13
4915 17
4916 17
4917 12
4918 11
4919 10
4920 11
4921 13
4922 7
4923 16
4924 6
4925 11
4926 12
4927 12
4928 9
4929 13
4930 17
4931 14
4932 11
4933 14
4934 15
4935 12
4936 12
4937 12
4938 13
4939 20
4940 6
4941 9
4942 16
4943 14
4944 12
4945 11
4946 13
4947 19
4948 9
4949 9
4950 14
4951 6
4952 12
4953 10
4954 16
4955 13
4956 10
4957 13
4958 23
4959 7
4960 16
4961 16
4962 18
4963 15
4964 17
4965 9
4966 12
4967 16
4968 17
4969 12
4970 8
4971 12
4972 13
4973 10
4974 17
4975 14
4976 16
4977 21
4978 14
4979 10
4980 10
4981 21
4982 14
4983 18
4984 13
4985 16
4986 17
4987 20
4988 11
4989 8
4990 16
4991 10
4992 18
4993 15
4994 14
4995 15
4996 18
4997 13
4998 17
4999 11
5000 15
5001 8
5002 16
5003 20
5004 10
5005 6
5006 12
5007 7
5008 8
5009 9
5010 13
5011 13
5012 12
5013 13
5014 9
5015 11
5016 12
5017 10
5018 10
5019 13
5020 7
5021 11
5022 10
5023 9
5024 11
5025 15
5026 8
5027 13
5028 17
5029 8
5030 11
5031 12
5032 10
5033 8
5034 7
5035 10
5036 14
5037 11
5038 13
5039 10
5040 9
5041 10
5042 9
5043 6
5044 12
5045 10
5046 13
5047 8
5048 12
5049 9
5050 11
5051 8
5052 8
5053 11
5054 18
5055 14
5056 13
5057 13
5058 14
5059 16
5060 10
5061 6
5062 9
5063 19
5064 14
5065 10
5066 6
5067 10
5068 8
5069 9
5070 9
5071 12
5072 10
5073 12
5074 14
5075 10
5076 12
5077 10
5078 7
5079 10
5080 5
5081 12
5082 11
5083 7
5084 13
5085 16
5086 12
5087 14
5088 11
5089 12
5090 10
5091 14
5092 14
5093 10
5094 14
5095 8
5096 12
5097 8
5098 11
5099 21
5100 17
5101 12
5102 15
5103 8
5104 8
5105 11
5106 12
5107 7
5108 10
5109 10
5110 15
5111 10
5112 9
5113 7
5114 14
5115 5
5116 13
5117 12
5118 9
5119 9
5120 9
5121 10
5122 17
5123 14
5124 10
5125 14
5126 18
5127 7
5128 17
5129 4
5130 14
5131 12
5132 11
5133 11
5134 6
5135 7
5136 11
5137 14
5138 14
5139 16
5140 12
5141 13
5142 14
5143 11
5144 11
5145 7
5146 16
5147 11
5148 14
5149 12
5150 18
5151 11
5152 15
5153 8
5154 9
5155 10
5156 5
5157 11
5158 8
5159 6
5160 12
5161 12
5162 14
5163 8
5164 6
5165 9
5166 8
5167 13
5168 10
5169 6
5170 10
5171 15
5172 12
5173 16
5174 9
5175 10
5176 5
5177 13
5178 10
5179 10
5180 10
5181 13
5182 11
5183 14
5184 12
5185 13
5186 7
5187 10
5188 9
5189 12
5190 14
5191 8
5192 9
5193 7
5194 9
5195 8
5196 8
5197 13
5198 8
5199 17
5200 11
5201 6
5202 11
5203 14
5204 8
5205 6
5206 8
5207 12
5208 9
5209 9
5210 7
5211 8
5212 10
5213 14
5214 11
5215 12
5216 7
5217 9
5218 12
5219 10
5220 8
5221 14
5222 11
5223 9
5224 9
5225 11
5226 4
5227 3
5228 10
5229 15
5230 9
5231 5
5232 12
5233 5
5234 12
5235 13
5236 9
5237 10
5238 6
5239 11
5240 11
5241 7
5242 11
5243 6
5244 6
5245 7
5246 9
5247 11
5248 10
5249 8
5250 16
5251 15
5252 7
5253 11
5254 15
5255 12
5256 8
5257 14
5258 10
5259 8
5260 13
5261 15
5262 7
5263 11
5264 9
5265 9
5266 6
5267 17
5268 12
5269 10
5270 17
5271 17
5272 7
5273 12
5274 11
5275 7
5276 8
5277 12
5278 16
5279 8
5280 7
5281 13
5282 10
5283 16
5284 12
5285 10
5286 11
5287 14
5288 7
5289 10
5290 13
5291 5
5292 9
5293 6
5294 11
5295 13
5296 11
5297 9
5298 16
5299 15
5300 12
5301 3
5302 7
5303 8
5304 11
5305 11
5306 15
5307 10
5308 9
5309 18
5310 12
5311 16
5312 14
5313 9
5314 11
5315 12
5316 12
5317 11
5318 13
5319 15
5320 15
5321 8
5322 11
5323 13
5324 19
5325 9
5326 12
5327 12
5328 11
5329 8
5330 7
5331 14
5332 10
5333 10
5334 10
5335 13
5336 13
5337 10
5338 10
5339 11
5340 11
5341 10
5342 18
5343 9
5344 7
5345 15
5346 19
5347 16
5348 11
5349 10
5350 8
5351 7
5352 9
5353 13
5354 15
5355 15
5356 14
5357 14
5358 10
5359 17
5360 3
5361 12
5362 7
5363 13
5364 14
5365 11
5366 18
5367 8
5368 9
5369 7
5370 12
5371 12
5372 8
5373 11
5374 14
5375 9
5376 12
5377 10
5378 6
5379 8
5380 9
5381 9
5382 12
5383 16
5384 11
5385 7
5386 11
5387 7
5388 13
5389 11
5390 16
5391 24
5392 15
5393 11
5394 10
5395 10
5396 9
5397 14
5398 8
5399 8
5400 9
5401 12
5402 7
5403 13
5404 13
5405 12
5406 16
5407 9
5408 15
5409 15
5410 5
5411 13
5412 13
5413 11
5414 7
5415 20
5416 13
5417 8
5418 15
5419 11
5420 12
5421 16
5422 8
5423 9
5424 14
5425 13
5426 14
5427 14
5428 11
5429 9
5430 11
5431 13
5432 12
5433 16
5434 11
5435 12
5436 8
5437 15
5438 17
5439 11
5440 10
5441 12
5442 13
5443 10
5444 10
5445 16
5446 18
5447 10
5448 10
5449 14
5450 10
5451 8
5452 10
5453 11
5454 17
5455 14
5456 15
5457 11
5458 18
5459 14
5460 15
5461 10
5462 14
5463 13
5464 12
5465 13
5466 21
5467 11
5468 12
5469 15
5470 8
5471 14
5472 12
5473 8
5474 9
5475 16
5476 15
5477 11
5478 9
5479 13
5480 13
5481 14
5482 16
5483 15
5484 13
5485 10
5486 17
5487 10
5488 15
5489 9
5490 24
5491 12
5492 12
5493 14
5494 9
5495 14
5496 8
5497 12
5498 12
5499 12
5500 15
5501 14
5502 11
5503 9
5504 11
5505 15
5506 14
5507 9
5508 17
5509 14
5510 9
5511 22
5512 13
5513 9
5514 17
5515 12
5516 12
5517 11
5518 11
5519 17
5520 10
5521 11
5522 10
5523 11
5524 15
5525 11
5526 14
5527 12
5528 9
5529 14
5530 14
5531 8
5532 16
5533 9
5534 6
5535 8
5536 16
5537 12
5538 10
5539 11
5540 11
5541 10
5542 8
5543 8
5544 13
5545 12
5546 4
5547 14
5548 11
5549 13
5550 12
5551 21
5552 9
5553 9
5554 11
5555 15
5556 14
5557 16
5558 9
5559 11
5560 10
5561 14
5562 20
5563 11
5564 16
5565 11
5566 13
5567 13
5568 19
5569 9
5570 10
5571 10
5572 12
5573 9
5574 15
5575 11
5576 11
5577 9
5578 8
5579 10
5580 13
5581 8
5582 8
5583 13
5584 12
5585 11
5586 12
5587 5
5588 16
5589 7
5590 15
5591 7
5592 13
5593 17
5594 12
5595 11
5596 11
5597 15
5598 8
5599 10
5600 11
5601 5
5602 12
5603 12
5604 8
5605 8
5606 17
5607 12
5608 12
5609 15
5610 6
5611 16
5612 16
5613 13
5614 15
5615 7
5616 18
5617 16
5618 11
5619 8
5620 15
5621 15
5622 12
5623 11
5624 14
5625 15
5626 16
5627 9
5628 7
5629 3
5630 13
5631 9
5632 16
5633 18
5634 17
5635 10
5636 7
5637 7
5638 12
5639 19
5640 12
5641 14
5642 6
5643 13
5644 14
5645 18
5646 18
5647 13
5648 13
5649 14
5650 17
5651 6
5652 13
5653 16
5654 12
5655 8
5656 12
5657 14
5658 8
5659 12
5660 9
5661 17
5662 15
5663 16
5664 11
5665 11
5666 7
5667 18
5668 6
5669 22
5670 9
5671 12
5672 24
5673 12
5674 15
5675 16
5676 9
5677 13
5678 13
5679 14
5680 23
5681 5
5682 15
5683 14
5684 11
5685 13
5686 12
5687 10
5688 17
5689 9
5690 11
5691 11
5692 12
5693 16
5694 9
5695 14
5696 13
5697 13
5698 6
5699 6
5700 11
5701 16
5702 9
5703 12
5704 13
5705 8
5706 19
5707 14
5708 9
5709 17
5710 15
5711 16
5712 13
5713 13
5714 14
5715 14
5716 17
5717 8
5718 16
5719 13
5720 14
5721 14
5722 15
5723 17
5724 14
5725 11
5726 15
5727 13
5728 10
5729 8
5730 13
5731 14
5732 13
5733 16
5734 16
5735 21
5736 11
5737 12
5738 8
5739 13
5740 15
5741 14
5742 14
5743 13
5744 16
5745 16
5746 20
5747 16
5748 16
5749 9
5750 12
5751 13
5752 9
5753 18
5754 9
5755 19
5756 12
5757 15
5758 16
5759 12
5760 22
5761 11
5762 8
5763 11
5764 11
5765 12
5766 12
5767 14
5768 20
5769 12
5770 14
5771 24
5772 21
5773 16
5774 11
5775 22
5776 18
5777 16
5778 20
5779 11
5780 23
5781 12
5782 15
5783 9
5784 14
5785 16
5786 15
5787 15
5788 12
5789 8
5790 16
5791 14
5792 13
5793 12
5794 11
5795 17
5796 11
5797 14
5798 19
5799 12
5800 13
5801 14
5802 17
5803 17
5804 17
5805 12
5806 13
5807 21
5808 21
5809 14
5810 16
5811 13
5812 16
5813 10
5814 12
5815 9
5816 14
5817 15
5818 18
5819 15
5820 15
5821 16
5822 13
5823 13
5824 17
5825 11
5826 15
5827 16
5828 16
5829 17
5830 20
5831 10
5832 16
5833 10
5834 11
5835 19
5836 8
5837 18
5838 22
5839 16
5840 12
5841 18
5842 18
5843 25
5844 12
5845 19
5846 23
5847 14
5848 18
5849 22
5850 10
5851 17
5852 17
5853 18
5854 18
5855 19
5856 17
5857 12
5858 18
5859 15
5860 20
5861 15
5862 16
5863 16
5864 14
5865 18
5866 16
5867 11
5868 23
5869 18
5870 16
5871 17
5872 19
5873 18
5874 16
5875 12
5876 14
5877 17
5878 22
5879 16
5880 7
5881 10
5882 16
5883 17
5884 21
5885 15
5886 13
5887 27
5888 21
5889 15
5890 14
5891 16
5892 16
5893 19
5894 19
5895 24
5896 21
5897 14
5898 15
5899 15
5900 20
5901 25
5902 22
5903 14
5904 14
5905 18
5906 16
5907 14
5908 25
5909 14
5910 9
5911 15
5912 14
5913 16
5914 16
5915 13
5916 12
5917 15
5918 12
5919 12
5920 19
5921 19
5922 13
5923 8
5924 18
5925 14
5926 13
5927 11
5928 22
5929 13
5930 23
5931 15
5932 24
5933 12
5934 25
5935 20
5936 17
5937 14
5938 19
5939 14
5940 23
5941 19
5942 14
5943 17
5944 20
5945 12
5946 19
5947 17
5948 18
5949 16
5950 16
5951 18
5952 11
5953 16
5954 23
5955 19
5956 26
5957 16
5958 11
5959 18
5960 18
5961 14
5962 22
5963 19
5964 16
5965 18
5966 16
5967 15
5968 11
5969 18
5970 21
5971 15
5972 18
5973 14
5974 28
5975 15
5976 16
5977 21
5978 16
5979 18
5980 11
5981 17
5982 16
5983 22
5984 19
5985 18
5986 18
5987 18
5988 20
5989 21
5990 20
5991 24
5992 17
5993 18
5994 20
5995 13
5996 15
5997 19
5998 25
5999 27
6000 17
6001 20
6002 19
6003 14
6004 16
6005 19
6006 21
6007 19
6008 18
6009 26
6010 14
6011 26
6012 17
6013 27
6014 23
6015 23
6016 15
6017 12
6018 25
6019 16
6020 17
6021 21
6022 26
6023 21
6024 18
6025 26
6026 22
6027 9
6028 16
6029 22
6030 23
6031 22
6032 30
6033 18
6034 18
6035 27
6036 12
6037 21
6038 12
6039 22
6040 18
6041 15
6042 16
6043 21
6044 16
6045 28
6046 26
6047 20
6048 14
6049 19
6050 16
6051 15
6052 15
6053 19
6054 18
6055 17
6056 17
6057 13
6058 17
6059 22
6060 15
6061 21
6062 25
6063 25
6064 16
6065 19
6066 20
6067 13
6068 21
6069 15
6070 23
6071 19
6072 16
6073 11
6074 20
6075 21
6076 14
6077 20
6078 10
6079 19
6080 13
6081 19
6082 21
6083 18
6084 21
6085 21
6086 14
6087 16
6088 16
6089 21
6090 21
6091 23
6092 17
6093 13
6094 24
6095 18
6096 15
6097 18
6098 16
6099 17
6100 15
6101 21
6102 24
6103 12
6104 24
6105 15
6106 23
6107 17
6108 14
6109 15
6110 20
6111 12
6112 20
6113 23
6114 17
6115 17
6116 15
6117 16
6118 14
6119 15
6120 24
6121 9
6122 18
6123 22
6124 15
6125 19
6126 24
6127 17
6128 27
6129 20
6130 24
6131 20
6132 22
6133 12
6134 15
6135 15
6136 14
6137 17
6138 11
6139 18
6140 17
6141 21
6142 19
6143 22
6144 14
6145 24
6146 13
6147 12
6148 20
6149 13
6150 17
6151 15
6152 19
6153 19
6154 18
6155 18
6156 14
6157 24
6158 7
6159 23
6160 14
6161 12
6162 11
6163 18
6164 21
6165 16
6166 18
6167 11
6168 18
6169 18
6170 15
6171 15
6172 23
6173 21
6174 18
6175 20
6176 15
6177 17
6178 11
6179 21
6180 18
6181 15
6182 18
6183 17
6184 10
6185 13
6186 20
6187 22
6188 14
6189 13
6190 18
6191 15
6192 20
6193 16
6194 14
6195 23
6196 23
6197 12
6198 12
6199 18
6200 21
6201 18
6202 17
6203 16
6204 22
6205 18
6206 13
6207 13
6208 13
6209 17
6210 19
6211 15
6212 14
6213 27
6214 13
6215 17
6216 19
6217 20
6218 20
6219 15
6220 17
6221 11
6222 6
6223 10
6224 14
6225 10
6226 16
6227 17
6228 16
6229 17
6230 13
6231 26
6232 16
6233 17
6234 18
6235 10
6236 24
6237 15
6238 16
6239 14
6240 12
6241 16
6242 12
6243 12
6244 15
6245 15
6246 21
6247 15
6248 13
6249 15
6250 12
6251 18
6252 13
6253 12
6254 21
6255 14
6256 20
6257 11
6258 14
6259 18
6260 8
6261 11
6262 13
6263 16
6264 16
6265 12
6266 18
6267 21
6268 15
6269 17
6270 13
6271 14
6272 17
6273 16
6274 13
6275 16
6276 13
6277 15
6278 24
6279 11
6280 17
6281 17
6282 10
6283 24
6284 25
6285 16
6286 13
6287 12
6288 21
6289 12
6290 17
6291 18
6292 18
6293 14
6294 10
6295 13
6296 12
6297 12
6298 19
6299 11
6300 20
6301 14
6302 18
6303 14
6304 20
6305 11
6306 22
6307 14
6308 22
6309 19
6310 11
6311 15
6312 22
6313 17
6314 18
6315 21
6316 20
6317 12
6318 15
6319 18
6320 10
6321 14
6322 14
6323 12
6324 18
6325 17
6326 21
6327 14
6328 17
6329 18
6330 15
6331 19
6332 16
6333 20
6334 24
6335 16
6336 14
6337 18
6338 18
6339 15
6340 14
6341 20
6342 17
6343 15
6344 15
6345 11
6346 14
6347 13
6348 26
6349 19
6350 20
6351 13
6352 15
6353 19
6354 24
6355 15
6356 17
6357 22
6358 17
6359 23
6360 13
6361 12
6362 18
6363 13
6364 23
6365 20
6366 18
6367 15
6368 14
6369 19
6370 13
6371 15
6372 15
6373 10
6374 20
6375 18
6376 25
6377 22
6378 15
6379 15
6380 18
6381 17
6382 13
6383 13
6384 15
6385 14
6386 15
6387 17
6388 16
6389 15
6390 17
6391 21
6392 18
6393 22
6394 16
6395 16
6396 12
6397 20
6398 15
6399 17
6400 11
6401 18
6402 12
6403 20
6404 22
6405 20
6406 21
6407 13
6408 13
6409 18
6410 19
6411 16
6412 15
6413 14
6414 14
6415 12
6416 18
6417 14
6418 20
6419 15
6420 19
6421 9
6422 9
6423 14
6424 13
6425 17
6426 16
6427 11
6428 13
6429 14
6430 18
6431 18
6432 9
6433 19
6434 15
6435 20
6436 23
6437 18
6438 15
6439 18
6440 13
6441 15
6442 21
6443 22
6444 14
6445 16
6446 13
6447 17
6448 17
6449 13
6450 10
6451 9
6452 17
6453 16
6454 16
6455 16
6456 12
6457 17
6458 18
6459 12
6460 13
6461 14
6462 17
6463 20
6464 16
6465 16
6466 15
6467 14
6468 14
6469 17
6470 7
6471 18
6472 16
6473 21
6474 17
6475 17
6476 13
6477 14
6478 18
6479 14
6480 8
6481 16
6482 19
6483 14
6484 18
6485 8
6486 11
6487 16
6488 19
6489 20
6490 16
6491 16
6492 14
6493 9
6494 19
6495 20
6496 12
6497 13
6498 15
6499 13
6500 20
6501 14
6502 13
6503 15
6504 20
6505 18
6506 9
6507 15
6508 13
6509 20
6510 15
6511 12
6512 11
6513 19
6514 13
6515 18
6516 15
6517 14
6518 14
6519 18
6520 13
6521 10
6522 13
6523 12
6524 15
6525 12
6526 13
6527 11
6528 15
6529 16
6530 12
6531 17
6532 22
6533 20
6534 14
6535 19
6536 14
6537 14
6538 16
6539 14
6540 19
6541 13
6542 20
6543 15
6544 11
6545 18
6546 11
6547 14
6548 7
6549 19
6550 21
6551 6
6552 22
6553 13
6554 16
6555 11
6556 15
6557 11
6558 11
6559 16
6560 12
6561 15
6562 18
6563 20
6564 18
6565 16
6566 12
6567 15
6568 11
6569 13
6570 10
6571 18
6572 9
6573 13
6574 14
6575 17
6576 8
6577 15
6578 10
6579 21
6580 9
6581 10
6582 11
6583 16
6584 9
6585 9
6586 8
6587 15
6588 10
6589 18
6590 16
6591 9
6592 11
6593 9
6594 11
6595 12
6596 11
6597 11
6598 15
6599 14
6600 17
6601 14
6602 22
6603 16
6604 14
6605 8
6606 7
6607 12
6608 10
6609 16
6610 14
6611 19
6612 22
6613 16
6614 18
6615 15
6616 13
6617 20
6618 15
6619 8
6620 15
6621 11
6622 16
6623 20
6624 18
6625 16
6626 15
6627 18
6628 11
6629 11
6630 18
6631 14
6632 14
6633 13
6634 21
6635 11
6636 14
6637 16
6638 14
6639 13
6640 13
6641 14
6642 11
6643 13
6644 7
6645 14
6646 13
6647 14
6648 9
6649 12
6650 12
6651 8
6652 20
6653 12
6654 7
6655 17
6656 19
6657 23
6658 14
6659 12
6660 9
6661 16
6662 4
6663 12
6664 14
6665 16
6666 12
6667 15
6668 13
6669 17
6670 10
6671 15
6672 8
6673 13
6674 12
6675 10
6676 11
6677 16
6678 12
6679 19
6680 14
6681 15
6682 14
6683 13
6684 10
6685 15
6686 14
6687 13
6688 14
6689 9
6690 7
6691 12
6692 5
6693 11
6694 7
6695 17
6696 18
6697 11
6698 18
6699 16
6700 14
6701 21
6702 6
6703 5
6704 14
6705 16
6706 9
6707 18
6708 8
6709 8
6710 11
6711 15
6712 11
6713 17
6714 9
6715 12
6716 15
6717 8
6718 12
6719 9
6720 11
6721 10
6722 12
6723 16
6724 13
6725 5
6726 14
6727 9
6728 9
6729 16
6730 16
6731 13
6732 16
6733 9
6734 10
6735 10
6736 20
6737 8
6738 10
6739 17
6740 13
6741 14
6742 8
6743 15
6744 6
6745 12
6746 8
6747 14
6748 5
6749 8
6750 5
6751 9
6752 8
6753 13
6754 9
6755 13
6756 8
6757 9
6758 10
6759 7
6760 11
6761 4
6762 13
6763 7
6764 7
6765 3
6766 11
6767 9
6768 5
6769 9
6770 15
6771 9
6772 7
6773 6
6774 12
6775 15
6776 9
6777 13
6778 6
6779 5
6780 6
6781 12
6782 8
6783 19
6784 12
6785 7
6786 9
6787 8
6788 8
6789 17
6790 5
6791 9
6792 9
6793 8
6794 7
6795 4
6796 4
6797 10
6798 6
6799 7
6800 8
6801 9
6802 16
6803 5
6804 13
6805 15
6806 10
6807 10
6808 6
6809 11
6810 7
6811 10
6812 4
6813 11
6814 8
6815 5
6816 10
6817 9
6818 10
6819 6
6820 13
6821 13
6822 9
6823 12
6824 10
6825 12
6826 10
6827 9
6828 9
6829 9
6830 5
6831 12
6832 10
6833 7
6834 4
6835 11
6836 8
6837 11
6838 11
6839 7
6840 7
6841 12
6842 9
6843 6
6844 5
6845 10
6846 3
6847 9
6848 8
6849 4
6850 4
6851 9
6852 14
6853 10
6854 13
6855 13
6856 10
6857 8
6858 7
6859 6
6860 8
6861 6
6862 6
6863 5
6864 7
6865 10
6866 9
6867 8
6868 7
6869 9
6870 10
6871 9
6872 7
6873 5
6874 16
6875 7
6876 16
6877 4
6878 5
6879 10
6880 7
6881 7
6882 3
6883 7
6884 7
6885 7
6886 8
6887 12
6888 7
6889 9
6890 7
6891 3
6892 9
6893 5
6894 8
6895 9
6896 5
6897 10
6898 11
6899 7
6900 5
6901 9
6902 7
6903 7
6904 8
6905 10
6906 6
6907 8
6908 7
6909 3
6910 5
6911 4
6912 7
6913 13
6914 11
6915 6
6916 2
6917 7
6918 6
6919 7
6920 7
6921 5
6922 7
6923 6
6924 10
6925 6
6926 8
6927 6
6928 7
6929 8
6930 9
6931 12
6932 10
6933 5
6934 7
6935 11
6936 8
6937 8
6938 6
6939 9
6940 4
6941 11
6942 5
6943 9
6944 5
6945 5
6946 8
6947 11
6948 8
6949 6
6950 9
6951 3
6952 3
6953 10
6954 7
6955 4
6956 3
6957 8
6958 5
6959 3
6960 7
6961 8
6962 6
6963 7
6964 7
6965 5
6966 5
6967 10
6968 4
6969 7
6970 5
6971 6
6972 9
6973 11
6974 9
6975 6
6976 4
6977 4
6978 7
6979 6
6980 14
6981 8
6982 9
6983 7
6984 8
6985 5
6986 4
6987 5
6988 11
6989 4
6990 7
6991 8
6992 7
6993 7
6994 7
6995 8
6996 2
6997 8
6998 9
6999 14
7000 8
7001 7
7002 14
7003 8
7004 8
7005 5
7006 6
7007 5
7008 5
7009 14
7010 11
7011 6
7012 7
7013 4
7014 6
7015 4
7016 7
7017 10
7018 6
7019 12
7020 4
7021 8
7022 7
7023 6
7024 7
7025 3
7026 11
7027 2
7028 8
7029 9
7030 8
7031 7
7032 6
7033 5
7034 13
7035 11
7036 6
7037 3
7038 5
7039 5
7040 8
7041 2
7042 10
7043 6
7044 5
7045 9
7046 7
7047 4
7048 5
7049 9
7050 8
7051 3
7052 5
7053 8
7054 5
7055 9
7056 7
7057 9
7058 5
7059 15
7060 5
7061 8
7062 4
7063 7
7064 6
7065 6
7066 3
7067 6
7068 8
7069 6
7070 7
7071 2
7072 9
7073 4
7074 6
7075 13
7076 6
7077 6
7078 6
7079 9
7080 4
7081 5
7082 7
7083 7
7084 5
7085 7
7086 6
7087 3
7088 5
7089 5
7090 9
7091 2
7092 7
7093 4
7094 8
7095 4
7096 3
7097 5
7098 4
7099 5
7100 2
7101 3
7102 1
7103 6
7104 3
7105 2
7106 7
7107 6
7108 5
7109 2
7110 7
7111 3
7112 3
7113 2
7114 7
7115 3
7116 5
7117 4
7118 3
7119 4
7120 4
7121 6
7122 4
7123 1
7124 5
7125 4
7126 10
7127 3
7128 5
7129 5
7130 4
7131 3
7132 1
7133 7
7134 4
7135 4
7136 8
7137 2
7138 6
7139 3
7140 2
7141 2
7142 8
7143 6
7144 4
7145 6
7146 4
7147 2
7148 2
7149 4
7150 3
7151 4
7152 5
7153 3
7154 4
7155 6
7156 5
7157 6
7158 8
7159 6
7160 2
7161 5
7162 7
7163 2
7164 5
7165 3
7166 4
7167 4
7168 3
7169 3
7170 3
7171 8
7172 7
7173 5
7174 4
7175 4
7176 7
7177 11
7178 2
7179 12
7180 2
7181 4
7182 2
7183 3
7184 4
7185 5
7186 5
7187 6
7188 3
7189 8
7190 6
7191 6
7192 4
7193 4
7194 5
7195 7
7196 4
7197 7
7198 2
7199 3
7200 4
7201 4
7202 5
7203 4
7204 5
7205 5
7206 4
7207 7
7208 5
7209 6
7210 2
7211 3
7212 3
7213 4
7214 3
7215 2
7216 9
7217 5
7218 3
7219 6
7220 7
7221 6
7222 6
7223 8
7224 6
7225 5
7226 2
7227 4
7228 4
7229 6
7230 6
7231 9
7232 2
7233 3
7234 4
7235 5
7236 4
7237 4
7238 4
7239 7
7240 6
7241 4
7242 4
7243 3
7244 4
7245 1
7246 7
7247 5
7248 5
7249 4
7250 5
7251 5
7252 3
7253 3
7254 2
7255 7
7256 6
7257 2
7258 3
7259 4
7260 9
7261 3
7262 5
7263 4
7264 4
7265 5
7266 8
7267 12
7268 3
7269 8
7270 3
7271 4
7272 3
7273 7
7274 4
7275 2
7276 4
7277 7
7278 4
7279 1
7280 5
7281 9
7282 7
7283 5
7284 8
7285 4
7286 4
7287 6
7288 6
7289 7
7290 6
7291 5
7292 5
7293 4
7294 4
7295 7
7296 5
7297 3
7298 9
7299 9
7300 2
7301 8
7302 2
7303 9
7304 6
7305 7
7306 5
7307 5
7308 4
7309 8
7310 4
7311 5
7312 7
7313 4
7314 3
7315 7
7316 2
7317 8
7318 9
7319 5
7320 8
7321 3
7322 8
7323 2
7324 2
7325 6
7326 3
7327 8
7328 4
7329 6
7330 5
7331 6
7332 4
7333 5
7334 4
7335 1
7336 8
7337 7
7338 1
7339 2
7341 2
7342 1
7343 6
7344 2
7345 1
7346 5
7347 5
7348 5
7349 2
7350 8
7351 5
7352 9
7353 5
7354 9
7356 3
7357 5
7358 4
7359 5
7360 4
7361 9
7362 5
7363 2
7364 8
7365 5
7366 7
7367 4
7368 5
7369 4
7370 3
7371 4
7372 2
7373 5
7374 3
7375 2
7376 3
7377 5
7378 3
7379 3
7380 2
7381 5
7382 1
7383 5
7384 4
7385 2
7386 4
7387 3
7388 4
7389 4
7390 3
7391 1
7392 4
7393 6
7394 2
7395 2
7396 4
7397 4
7398 7
7399 3
7400 4
7401 3
7402 5
7404 1
7405 5
7406 3
7407 5
7408 4
7409 7
7410 4
7411 4
7412 5
7413 4
7414 6
7415 6
7416 1
7417 2
7418 5
7419 4
7420 3
7421 3
7422 4
7423 5
7424 6
7425 4
7426 3
7427 3
7428 4
7429 5
7430 3
7431 2
7432 2
7434 6
7435 1
7437 4
7438 2
7439 1
7440 1
7441 6
7442 1
7443 3
7444 6
7445 5
7446 4
7447 1
7448 2
7449 4
7450 4
7452 6
7453 6
7454 2
7455 6
7456 7
7457 3
7458 1
7459 4
7460 2
7461 6
7462 3
7463 3
7464 6
7465 2
7466 6
7467 4
7468 1
7469 3
7470 7
7471 4
7472 7
7473 5
7474 2
7475 2
7476 8
7477 7
7478 4
7479 3
7481 2
7482 3
7483 10
7484 5
7485 4
7486 5
7487 5
7488 5
7489 3
7490 4
7491 3
7492 1
7493 4
7494 5
7495 5
7496 2
7497 2
7498 7
7499 5
7502 2
7503 3
7504 4
7505 2
7506 1
7507 5
7508 3
7509 2
7510 3
7511 2
7512 2
7513 7
7514 3
7515 4
7516 5
7517 2
7518 5
7519 3
7520 5
7521 2
7522 6
7524 2
7525 4
7527 2
7528 1
7529 1
7530 2
7531 1
7532 2
7533 6
7534 1
7535 1
7536 3
7537 4
7539 4
7540 3
7541 3
7542 1
7543 1
7545 2
7546 5
7547 6
7548 1
7549 2
7550 2
7551 5
7552 1
7554 3
7555 3
7556 3
7557 2
7558 4
7559 3
7560 3
7561 3
7563 4
7564 1
7565 4
7566 2
7567 2
7568 1
7569 4
7570 2
7571 1
7572 2
7573 2
7575 3
7576 4
7577 5
7578 1
7579 2
7580 1
7581 5
7582 3
7584 3
7585 3
7586 1
7587 2
7588 5
7589 3
7590 1
7591 3
7592 2
7593 2
7594 3
7595 6
7597 3
7598 3
7599 5
7602 5
7603 1
7604 1
7605 3
7606 1
7607 2
7608 2
7609 2
7610 5
7611 3
7613 6
7614 5
7615 1
7616 3
7617 3
7618 4
7619 3
7620 9
7621 3
7623 5
7624 2
7625 2
7626 3
7627 3
7628 2
7629 3
7630 3
7631 1
7633 1
7634 1
7635 1
7636 2
7637 4
7638 2
7639 3
7640 4
7642 1
7643 1
7644 5
7645 2
7646 2
7647 3
7648 4
7649 2
7650 2
7651 1
7652 3
7653 1
7654 5
7655 3
7656 1
7657 6
7658 4
7659 5
7662 3
7663 5
7664 1
7665 3
7666 3
7667 3
7668 3
7669 5
7670 1
7671 2
7672 4
7673 6
7674 4
7675 6
7676 3
7677 1
7678 2
7679 5
7680 3
7681 4
7682 1
7683 5
7684 4
7685 1
7686 2
7687 3
7689 2
7690 3
7691 3
7692 4
7693 3
7694 6
7695 3
7696 2
7697 4
7698 4
7699 2
7700 1
7701 4
7702 1
7703 2
7705 3
7706 5
7707 2
7708 6
7709 4
7710 3
7711 2
7712 3
7713 4
7715 3
7716 3
7717 4
7718 2
7719 1
7720 6
7721 3
7722 2
7723 3
7724 5
7725 3
7726 2
7727 2
7729 1
7730 2
7731 2
7732 1
7733 3
7734 2
7735 3
7736 3
7737 2
7738 2
7739 2
7740 1
7741 3
7743 2
7744 3
7745 2
7746 2
7747 3
7748 3
7749 3
7750 1
7752 1
7753 3
7754 1
7755 1
7756 3
7757 5
7758 4
7759 1
7760 3
7761 2
7762 4
7763 1
7764 7
7765 1
7766 1
7767 3
7768 2
7770 3
7771 2
7772 5
7773 6
7774 1
7775 4
7776 3
7777 2
7778 1
7779 4
7780 1
7781 7
7782 3
7783 3
7784 2
7787 3
7788 2
7789 2
7790 2
7791 3
7792 4
7793 6
7794 2
7795 6
7796 4
7797 2
7798 3
7799 2
7802 3
7803 2
7805 3
7806 1
7807 1
7808 4
7809 1
7810 3
7811 2
7812 4
7813 1
7814 4
7815 4
7816 2
7817 2
7818 1
7819 3
7820 2
7821 4
7824 2
7825 2
7826 2
7827 4
7828 5
7829 3
7830 3
7832 3
7833 3
7834 1
7835 1
7837 3
7838 2
7839 1
7840 1
7841 5
7842 5
7843 2
7844 3
7845 4
7846 3
7847 8
7848 4
7849 4
7850 3
7851 4
7852 3
7853 1
7854 3
7855 3
7856 5
7857 6
7858 1
7859 2
7860 2
7861 3
7862 1
7863 3
7864 5
7865 1
7866 1
7867 3
7868 3
7869 2
7871 1
7872 4
7873 2
7874 2
7875 2
7876 3
7877 3
7878 2
7879 2
7880 3
7881 6
7882 1
7883 1
7884 1
7885 2
7886 1
7887 1
7888 3
7889 1
7890 2
7891 2
7892 2
7893 4
7895 1
7896 4
7897 1
7898 2
7899 1
7900 1
7901 2
7902 1
7903 3
7904 1
7905 2
7906 6
7907 2
7909 2
7910 2
7911 4
7912 1
7914 4
7915 2
7916 3
7917 3
7918 3
7919 3
7920 1
7921 3
7922 4
7924 2
7925 2
7926 3
7927 3
7928 1
7929 2
7930 3
7931 1
7932 3
7933 4
7934 1
7935 4
7936 1
7937 4
7940 1
7941 1
7942 2
7943 1
7945 2
7946 1
7947 3
7948 1
7949 3
7950 3
7951 1
7952 4
7953 2
7954 2
7956 2
7957 4
7958 2
7959 2
7961 1
7962 1
7963 1
7964 3
7965 1
7966 2
7967 1
7968 2
7969 1
7970 2
7971 4
7972 1
7973 2
7975 2
7976 1
7977 2
7978 4
7979 2
7980 1
7981 1
7982 1
7983 3
7984 1
7985 2
7986 2
7987 2
7989 3
7990 2
7991 1
7992 5
7995 3
7996 1
7997 1
7999 1
8000 4
8001 2
8002 3
8003 5
8004 2
8005 2
8006 3
8007 1
8008 3
8009 2
8013 2
8015 1
8017 4
8018 1
8019 1
8020 1
8021 4
8022 1
8023 2
8025 1
8026 1
8027 2
8028 1
8029 3
8030 1
8031 2
8032 4
8033 2
8034 2
8035 2
8036 3
8037 1
8038 2
8039 1
8040 1
8041 1
8042 1
8043 4
8044 3
8045 1
8046 5
8049 1
8050 3
8051 2
8052 2
8053 2
8054 5
8055 2
8057 4
8058 2
8059 1
8060 2
8061 3
8062 2
8063 2
8064 3
8065 1
8066 2
8067 1
8068 2
8069 1
8070 1
8071 1
8072 3
8073 1
8075 3
8076 4
8077 6
8079 1
8082 2
8083 1
8084 2
8085 1
8086 1
8087 4
8088 4
8089 1
8090 1
8091 2
8092 2
8093 3
8094 2
8095 1
8096 1
8097 1
8098 4
8099 2
8100 1
8101 1
8102 1
8103 5
8104 2
8106 3
8107 1
8109 1
8110 7
8111 1
8114 2
8115 2
8116 1
8117 2
8118 1
8119 1
8121 1
8122 2
8123 3
8124 5
8125 1
8127 3
8128 4
8129 1
8130 2
8131 4
8132 1
8133 3
8135 1
8136 6
8138 2
8139 2
8141 3
8143 2
8144 6
8145 3
8146 1
8148 4
8149 3
8150 1
8151 2
8153 4
8154 3
8155 3
8157 2
8158 1
8159 4
8161 2
8163 1
8164 2
8166 3
8169 2
8170 1
8171 3
8173 4
8175 4
8176 5
8177 3
8178 1
8180 7
8181 4
8182 1
8183 2
8184 2
8185 2
8186 2
8187 2
8188 2
8189 4
8190 2
8191 3
8192 3
8193 2
8194 2
8195 2
8196 4
8197 2
8198 3
8199 2
8200 4
8201 2
8202 2
8203 3
8204 3
8205 5
8206 1
8207 1
8209 4
8210 1
8212 1
8213 2
8214 2
8215 4
8216 1
8218 1
8219 2
8220 1
8221 1
8222 3
8223 2
8224 1
8225 3
8226 4
8228 2
8229 2
8230 3
8231 3
8233 3
8234 1
8235 3
8237 2
8238 3
8239 2
8240 2
8241 2
8242 3
8243 3
8244 1
8246 3
8247 1
8248 3
8249 6
8250 3
8251 3
8252 1
8253 4
8254 3
8255 2
8256 1
8257 3
8258 3
8259 2
8260 1
8261 2
8262 2
8263 1
8264 3
8265 1
8266 1
8267 2
8268 1
8270 1
8271 2
8272 1
8273 1
8274 1
8275 1
8276 3
8277 4
8278 1
8279 7
8280 3
8281 1
8282 1
8283 1
8284 1
8286 1
8287 2
8288 5
8289 4
8290 1
8291 4
8292 1
8294 3
8296 3
8297 1
8299 3
8300 1
8301 2
8302 3
8304 2
8305 3
8306 2
8307 5
8308 1
8309 2
8310 2
8311 1
8313 2
8315 4
8317 1
8318 2
8319 2
8321 1
8322 2
8324 3
8325 3
8326 3
8327 3
8329 2
8330 2
8331 1
8332 1
8333 1
8334 1
8336 2
8337 1
8338 1
8339 2
8342 1
8345 2
8346 4
8347 3
8348 1
8350 2
8351 5
8352 2
8353 1
8354 1
8355 3
8356 1
8357 1
8358 1
8359 1
8360 1
8361 1
8363 1
8364 6
8365 1
8366 1
8367 2
8368 3
8370 2
8372 3
8373 1
8374 1
8375 2
8377 1
8379 1
8380 2
8381 1
8382 2
8384 3
8385 4
8386 1
8387 3
8388 2
8389 2
8390 2
8391 1
8392 2
8393 3
8394 2
8395 1
8396 2
8397 2
8399 3
8401 3
8402 1
8404 1
8405 4
8406 2
8408 2
8409 2
8410 1
8411 1
8412 4
8413 2
8414 1
8415 2
8416 1
8417 3
8418 1
8420 1
8421 1
8422 1
8423 1
8424 3
8425 2
8426 1
8427 1
8428 2
8429 1
8431 2
8432 1
8433 1
8435 3
8436 5
8437 1
8439 3
8441 1
8442 3
8443 2
8444 1
8445 3
8447 2
8448 2
8450 2
8451 1
8452 1
8454 2
8455 1
8457 3
8459 2
8460 2
8462 1
8465 4
8466 3
8467 1
8468 1
8469 1
8470 4
8471 1
8473 1
8474 1
8475 2
8478 1
8479 2
8480 1
8482 1
8483 1
8486 1
8487 1
8488 2
8489 1
8490 2
8491 2
8492 2
8493 1
8497 2
8501 3
8503 3
8504 5
8506 1
8507 2
8508 4
8514 2
8516 1
8519 2
8521 1
8524 4
8525 1
8526 2
8527 1
8528 1
8530 1
8531 1
8535 3
8536 2
8537 1
8539 3
8540 1
8541 2
8542 2
8543 1
8546 2
8549 1
8550 2
8551 2
8552 1
8553 1
8555 3
8556 1
8558 1
8560 1
8561 1
8562 2
8563 1
8564 1
8565 2
8566 3
8567 1
8568 1
8570 2
8571 2
8572 1
8573 3
8574 5
8576 2
8577 4
8578 1
8579 1
8582 2
8584 1
8585 1
8586 2
8587 2
8588 3
8593 2
8594 2
8595 3
8596 5
8597 1
8598 1
8599 2
8600 1
8601 2
8602 2
8603 3
8605 2
8607 1
8609 3
8610 5
8611 1
8612 3
8613 1
8616 2
8620 1
8621 1
8622 2
8623 1
8626 1
8628 2
8629 2
8630 3
8631 1
8632 1
8633 1
8634 1
8636 2
8637 2
8638 1
8640 1
8642 2
8643 1
8644 1
8645 2
8646 3
8648 3
8649 4
8652 3
8653 1
8654 1
8655 3
8656 1
8657 1
8658 1
8659 1
8660 3
8661 1
8662 1
8663 1
8664 1
8666 3
8667 1
8668 1
8669 1
8670 1
8674 2
8675 2
8676 3
8677 1
8678 1
8679 1
8680 3
8681 1
8682 4
8684 2
8685 1
8687 1
8688 2
8689 2
8690 1
8691 2
8693 1
8694 1
8695 1
8697 1
8701 3
8702 1
8703 1
8704 1
8705 1
8708 1
8709 1
8710 3
8711 4
8712 1
8715 1
8716 1
8717 4
8718 3
8719 1
8721 3
8724 2
8726 4
8727 1
8728 1
8729 2
8730 1
8731 2
8732 3
8733 3
8734 2
8737 1
8738 2
8739 1
8740 4
8743 1
8745 2
8746 2
8747 3
8749 1
8750 2
8751 2
8752 2
8754 2
8756 1
8757 2
8759 1
8760 1
8761 2
8765 1
8766 2
8768 2
8769 1
8770 2
8771 1
8772 2
8773 2
8776 1
8777 3
8780 3
8781 2
8782 1
8783 1
8784 2
8785 1
8789 4
8790 1
8792 3
8796 2
8797 3
8799 1
8801 1
8802 1
8803 1
8804 3
8805 5
8807 1
8808 2
8811 1
8812 2
8813 1
8815 1
8816 2
8817 1
8820 1
8821 1
8823 1
8824 1
8825 1
8827 1
8828 1
8829 2
8830 1
8832 2
8833 1
8834 1
8837 2
8838 2
8839 1
8840 2
8841 1
8844 1
8845 1
8846 1
8847 2
8848 2
8850 2
8852 2
8854 2
8855 1
8856 1
8858 1
8860 1
8861 2
8862 3
8863 1
8865 1
8867 1
8868 1
8869 2
8870 3
8871 1
8873 3
8874 5
8875 1
8879 2
8881 2
8882 2
8883 1
8884 1
8886 3
8887 2
8889 2
8890 1
8895 1
8896 1
8899 3
8900 1
8901 1
8902 2
8903 1
8904 1
8905 1
8906 1
8907 3
8908 1
8909 1
8913 2
8915 1
8916 1
8917 1
8918 1
8919 2
8920 1
8921 1
8925 1
8926 2
8927 2
8929 1
8930 3
8931 1
8932 5
8933 2
8937 1
8940 2
8943 1
8945 3
8946 1
8947 3
8948 1
8949 2
8950 2
8951 3
8952 2
8954 3
8956 2
8958 2
8959 2
8961 2
8962 4
8963 4
8964 3
8965 2
8966 2
8969 2
8970 2
8971 2
8972 2
8973 1
8974 1
8975 1
8976 1
8977 2
8978 1
8979 1
8981 2
8982 1
8983 2
8984 1
8985 1
8986 2
8987 1
8989 1
8990 1
8991 3
8992 1
8993 2
8995 1
8997 5
8998 1
9000 1
9002 1
9003 3
9004 2
9005 1
9006 4
9009 1
9010 2
9011 1
9013 3
9014 1
9015 1
9016 2
9017 1
9018 1
9020 1
9021 1
9023 3
9024 1
9025 3
9027 2
9029 2
9030 2
9031 2
9032 2
9033 2
9034 2
9035 1
9037 1
9038 5
9039 3
9042 1
9043 1
9044 2
9045 2
9048 2
9049 1
9050 1
9051 2
9052 2
9053 2
9054 4
9056 2
9058 1
9059 2
9061 1
9063 1
9064 1
9066 1
9067 3
9069 1
9070 1
9071 2
9076 1
9078 1
9079 2
9081 1
9083 1
9085 1
9088 1
9090 1
9091 4
9094 2
9095 3
9096 1
9097 1
9098 2
9099 1
9101 1
9102 2
9107 1
9108 1
9109 1
9110 2
9111 1
9112 1
9113 1
9114 3
9115 1
9116 3
9119 1
9120 1
9127 2
9129 2
9130 2
9131 1
9133 1
9136 2
9137 3
9139 2
9140 1
9141 1
9142 2
9143 2
9149 3
9150 3
9151 3
9152 2
9153 2
9154 1
9156 2
9158 2
9159 1
9160 2
9161 2
9162 1
9165 1
9170 2
9171 4
9172 1
9173 1
9174 1
9175 1
9177 2
9178 1
9180 2
9181 1
9183 1
9185 1
9186 2
9187 2
9189 1
9190 1
9191 1
9194 1
9199 2
9200 2
9203 2
9205 1
9206 1
9208 1
9210 3
9211 1
9212 1
9214 1
9215 1
9216 1
9219 1
9220 3
9223 1
9226 1
9228 1
9229 1
9231 2
9234 1
9235 1
9239 1
9240 2
9242 2
9243 1
9244 1
9247 3
9248 1
9249 2
9250 2
9251 1
9253 1
9254 1
9255 1
9259 2
9260 3
9264 1
9266 1
9267 1
9269 1
9271 1
9273 1
9276 1
9277 1
9280 1
9283 2
9286 1
9287 2
9289 1
9290 1
9291 2
9292 1
9294 2
9295 3
9296 1
9297 1
9299 1
9300 1
9301 2
9302 3
9304 2
9305 1
9306 2
9308 1
9309 1
9310 1
9314 2
9318 2
9320 1
9323 2
9324 1
9325 1
9326 1
9329 1
9330 3
9331 1
9332 2
9333 1
9334 1
9335 2
9337 2
9339 1
9340 2
9344 1
9346 1
9347 2
9348 2
9349 1
9350 3
9351 2
9352 1
9355 1
9358 1
9359 1
9362 1
9363 2
9369 2
9373 1
9374 1
9376 1
9378 1
9379 1
9380 1
9381 1
9382 1
9384 2
9386 1
9387 2
9388 1
9390 1
9391 1
9394 1
9395 2
9398 3
9399 1
9400 1
9401 1
9403 2
9405 1
9409 1
9410 2
9412 1
9413 1
9414 1
9415 3
9418 1
9419 1
9422 2
9423 1
9427 2
9428 1
9429 2
9430 1
9433 1
9434 3
9436 1
9437 1
9441 1
9442 2
9444 1
9446 1
9453 1
9458 1
9459 2
9460 1
9463 1
9465 2
9466 1
9467 2
9470 1
9471 1
9473 1
9475 2
9477 1
9478 1
9479 1
9480 2
9481 1
9484 2
9485 1
9486 1
9487 1
9488 2
9489 1
9492 1
9493 2
9494 1
9496 1
9497 1
9500 1
9501 1
9502 1
9503 1
9504 1
9506 1
9508 1
9509 2
9510 1
9511 1
9514 1
9515 1
9516 1
9517 2
9518 2
9519 1
9522 2
9523 1
9524 1
9526 1
9529 1
9530 3
9531 2
9534 1
9535 1
9536 1
9537 1
9540 1
9541 1
9542 2
9544 1
9545 2
9546 2
9547 2
9551 1
9552 1
9557 1
9558 1
9559 1
9562 1
9565 2
9566 1
9567 1
9568 1
9569 1
9570 1
9571 1
9572 3
9573 1
9575 2
9577 1
9581 2
9583 2
9585 1
9586 1
9588 1
9590 1
9591 1
9593 1
9594 1
9595 1
9597 4
9600 2
9602 1
9603 1
9604 2
9605 1
9607 3
9608 1
9609 1
9612 1
9613 2
9614 1
9615 3
9616 1
9618 1
9619 2
9620 1
9621 1
9622 1
9623 1
9624 1
9625 1
9626 1
9628 2
9629 2
9632 1
9633 1
9636 1
9638 1
9639 2
9641 1
9642 1
9653 1
9656 3
9661 1
9662 1
9664 2
9665 1
9667 1
9668 2
9669 2
9671 3
9672 1
9673 1
9674 1
9677 1
9678 2
9679 1
9680 1
9681 1
9682 1
9683 1
9684 1
9689 1
9692 1
9694 1
9695 1
9696 1
9697 1
9699 2
9700 1
9703 1
9704 2
9706 1
9707 1
9711 1
9712 1
9713 1
9714 1
9716 2
9717 1
9718 1
9721 2
9722 1
9723 2
9724 1
9725 1
9726 1
9731 2
9732 1
9735 1
9736 1
9737 2
9738 1
9739 1
9748 2
9749 1
9750 2
9751 1
9752 2
9754 1
9756 1
9757 1
9760 2
9763 1
9771 2
9772 2
9774 1
9775 4
9776 2
9778 1
9780 2
9784 1
9796 1
9801 1
9803 1
9804 1
9805 1
9809 1
9810 2
9811 1
9813 1
9822 1
9824 1
9827 1
9834 1
9835 2
9840 1
9841 1
9842 1
9846 1
9849 1
9850 1
9853 1
9854 1
9858 1
9859 1
9861 1
9864 1
9865 1
9866 1
9868 1
9871 3
9872 2
9876 1
9880 1
9885 1
9889 2
9893 1
9894 1
9898 1
9900 1
9901 1
9905 1
9906 2
9907 1
9908 1
9911 1
9913 1
9914 2
9916 2
9917 1
9919 2
9920 1
9921 3
9923 1
9925 1
9926 1
9927 1
9928 1
9933 1
9934 1
9935 2
9936 1
9938 2
9940 1
9941 1
9942 1
9943 1
9944 1
9946 2
9949 2
9954 2
9955 1
9956 1
9958 1
9961 1
9964 2
9965 1
9967 1
9968 1
9969 1
9970 1
9973 2
9975 2
9977 1
9978 1
9979 1
9980 1
9982 2
9987 1
9988 1
9990 1
9991 2
9992 1
9993 3
9995 1
9996 1
9999 1
10001 2946
