1 480259283
2 158203430
3 150648760
4 126253835
5 100643349
6 80827508
7 66423218
8 55472763
9 46439380
10 38591339
11 31577305
12 25258344
13 19701214
14 15030442
15 11272740
16 8369926
17 6226011
18 4696014
19 3618580
20 2870616
21 2340717
22 1953290
23 1675386
24 1463766
25 1287128
26 1147298
27 1026155
28 925101
29 837684
30 762169
31 695627
32 636785
33 585411
34 539036
35 501859
36 465204
37 432065
38 402791
39 376004
40 353550
41 330781
42 310251
43 292559
44 275127
45 260131
46 246525
47 232339
48 221340
49 209796
50 199693
51 190029
52 181824
53 172709
54 164095
55 157051
56 150710
57 142957
58 137943
59 132356
60 126555
61 122068
62 116990
63 112590
64 108599
65 104123
66 100151
67 97080
68 93943
69 91050
70 87940
71 84702
72 82335
73 80387
74 76976
75 74915
76 72891
77 71200
78 69261
79 66671
80 65217
81 63297
82 61859
83 60028
84 58715
85 58077
86 56633
87 55385
88 53902
89 52237
90 51510
91 50405
92 49565
93 48216
94 47360
95 46460
96 46225
97 45161
98 44269
99 43339
100 42418
101 41405
102 41072
103 40376
104 39889
105 39511
106 38687
107 38147
108 37135
109 37061
110 36851
111 36152
112 35378
113 35085
114 34282
115 34071
116 33294
117 32624
118 32129
119 31506
120 31110
121 30512
122 29736
123 29156
124 28977
125 28294
126 27828
127 27381
128 26623
129 26289
130 25525
131 25038
132 24493
133 24087
134 23579
135 22828
136 22631
137 22239
138 21862
139 21175
140 20544
141 20664
142 20205
143 19960
144 19386
145 18768
146 18661
147 18567
148 17720
149 17517
150 17194
151 16829
152 16645
153 16416
154 16211
155 15860
156 15914
157 15595
158 15179
159 15018
160 14713
161 14271
162 14201
163 13954
164 13791
165 13430
166 13074
167 12977
168 12921
169 12641
170 12351
171 12127
172 11976
173 11871
174 11557
175 11276
176 11307
177 10971
178 10934
179 10660
180 10663
181 10377
182 10227
183 9998
184 9932
185 9798
186 9777
187 9552
188 9396
189 9324
190 9216
191 9034
192 9007
193 8808
194 8882
195 8655
196 8614
197 8382
198 8326
199 8283
200 8140
201 8028
202 7974
203 7755
204 7825
205 7664
206 7609
207 7473
208 7420
209 7351
210 7086
211 7236
212 6980
213 6938
214 6957
215 6620
216 6829
217 6495
218 6519
219 6429
220 6390
221 6311
222 6246
223 6199
224 6185
225 6221
226 6215
227 6079
228 6093
229 5849
230 5975
231 5824
232 5745
233 5540
234 5666
235 5604
236 5563
237 5551
238 5401
239 5292
240 5307
241 5333
242 5250
243 5378
244 5116
245 5129
246 4997
247 4980
248 4929
249 4839
250 4918
251 5053
252 4725
253 4739
254 4814
255 4592
256 4632
257 4640
258 4702
259 4582
260 4573
261 4466
262 4490
263 4358
264 4397
265 4201
266 4392
267 4354
268 4376
269 4194
270 4218
271 4200
272 4043
273 4201
274 3977
275 4077
276 4076
277 3989
278 3933
279 3866
280 3868
281 3822
282 3845
283 3702
284 3657
285 3703
286 3746
287 3748
288 3519
289 3635
290 3569
291 3632
292 3496
293 3458
294 3384
295 3483
296 3427
297 3283
298 3357
299 3354
300 3285
301 3229
302 3275
303 3186
304 3279
305 3069
306 3215
307 3136
308 3150
309 3081
310 3260
311 3090
312 3106
313 2975
314 3065
315 2964
316 2906
317 2925
318 2844
319 2810
320 2711
321 2864
322 2747
323 2751
324 2754
325 2759
326 2736
327 2724
328 2758
329 2588
330 2713
331 2626
332 2622
333 2546
334 2664
335 2619
336 2643
337 2538
338 2565
339 2645
340 2639
341 2543
342 2502
343 2519
344 2485
345 2468
346 2481
347 2373
348 2544
349 2394
350 2350
351 2470
352 2355
353 2370
354 2372
355 2359
356 2308
357 2341
358 2394
359 2156
360 2337
361 2271
362 2267
363 2357
364 2237
365 2255
366 2209
367 2317
368 2232
369 2133
370 2109
371 2152
372 2149
373 2102
374 2102
375 2097
376 2060
377 2047
378 2088
379 2034
380 2017
381 2047
382 1971
383 1975
384 2009
385 1972
386 2005
387 1878
388 1831
389 1957
390 1916
391 1861
392 1854
393 1842
394 1851
395 1773
396 1835
397 1797
398 1806
399 1754
400 1779
401 1743
402 1781
403 1786
404 1857
405 1799
406 1752
407 1729
408 1680
409 1740
410 1724
411 1698
412 1730
413 1727
414 1778
415 1674
416 1693
417 1717
418 1686
419 1726
420 1694
421 1650
422 1722
423 1654
424 1685
425 1726
426 1595
427 1643
428 1595
429 1565
430 1576
431 1661
432 1615
433 1519
434 1611
435 1562
436 1537
437 1501
438 1573
439 1627
440 1493
441 1513
442 1495
443 1498
444 1481
445 1535
446 1540
447 1476
448 1540
449 1482
450 1558
451 1374
452 1451
453 1424
454 1472
455 1428
456 1429
457 1445
458 1420
459 1438
460 1371
461 1433
462 1364
463 1335
464 1389
465 1313
466 1430
467 1313
468 1371
469 1303
470 1398
471 1314
472 1271
473 1323
474 1305
475 1260
476 1226
477 1229
478 1205
479 1205
480 1232
481 1221
482 1234
483 1250
484 1259
485 1217
486 1187
487 1209
488 1093
489 1270
490 1191
491 1210
492 1242
493 1228
494 1276
495 1185
496 1229
497 1198
498 1141
499 1131
500 1118
501 1176
502 1104
503 1210
504 1115
505 1091
506 1138
507 1102
508 1135
509 1202
510 1051
511 1063
512 1144
513 1157
514 1106
515 1106
516 1049
517 1118
518 1103
519 1088
520 1106
521 1076
522 1103
523 1118
524 1095
525 1125
526 1108
527 1063
528 1111
529 1096
530 1058
531 1111
532 1099
533 1037
534 1040
535 1049
536 1085
537 1037
538 1012
539 1036
540 1075
541 1064
542 1021
543 987
544 1032
545 976
546 988
547 1050
548 937
549 943
550 973
551 972
552 1017
553 947
554 998
555 1020
556 958
557 995
558 971
559 939
560 1020
561 959
562 959
563 1003
564 958
565 946
566 958
567 957
568 912
569 960
570 931
571 962
572 920
573 871
574 908
575 908
576 881
577 844
578 920
579 914
580 902
581 854
582 835
583 847
584 841
585 891
586 858
587 813
588 823
589 819
590 855
591 891
592 806
593 855
594 805
595 802
596 806
597 804
598 851
599 831
600 785
601 827
602 806
603 824
604 841
605 742
606 792
607 772
608 728
609 747
610 827
611 752
612 793
613 701
614 750
615 739
616 746
617 760
618 715
619 777
620 696
621 754
622 710
623 732
624 739
625 725
626 750
627 705
628 713
629 682
630 709
631 679
632 746
633 678
634 706
635 692
636 680
637 697
638 663
639 663
640 708
641 624
642 710
643 650
644 672
645 703
646 647
647 693
648 677
649 683
650 664
651 653
652 664
653 674
654 644
655 649
656 659
657 682
658 682
659 677
660 669
661 627
662 669
663 667
664 687
665 609
666 650
667 677
668 635
669 664
670 596
671 680
672 642
673 621
674 617
675 652
676 648
677 617
678 632
679 634
680 611
681 643
682 650
683 605
684 614
685 643
686 605
687 646
688 611
689 644
690 629
691 568
692 606
693 572
694 607
695 636
696 572
697 549
698 574
699 643
700 600
701 562
702 606
703 634
704 559
705 549
706 567
707 557
708 543
709 610
710 553
711 596
712 561
713 619
714 567
715 567
716 665
717 619
718 551
719 554
720 543
721 567
722 573
723 557
724 586
725 580
726 564
727 589
728 530
729 546
730 546
731 561
732 550
733 557
734 599
735 522
736 533
737 532
738 581
739 557
740 536
741 567
742 525
743 569
744 540
745 527
746 540
747 540
748 514
749 508
750 553
751 552
752 552
753 510
754 524
755 511
756 474
757 523
758 470
759 509
760 499
761 528
762 507
763 502
764 517
765 532
766 500
767 500
768 469
769 484
770 451
771 494
772 469
773 535
774 470
775 461
776 509
777 468
778 476
779 461
780 478
781 463
782 477
783 459
784 475
785 430
786 460
787 446
788 477
789 425
790 472
791 454
792 471
793 474
794 466
795 424
796 488
797 472
798 463
799 457
800 434
801 488
802 481
803 451
804 428
805 415
806 424
807 438
808 412
809 429
810 436
811 443
812 417
813 413
814 468
815 416
816 455
817 411
818 419
819 400
820 439
821 456
822 427
823 459
824 466
825 425
826 434
827 441
828 425
829 421
830 387
831 398
832 410
833 397
834 450
835 451
836 398
837 401
838 421
839 412
840 398
841 415
842 421
843 382
844 415
845 390
846 426
847 412
848 375
849 408
850 387
851 365
852 394
853 428
854 394
855 381
856 328
857 365
858 402
859 391
860 371
861 379
862 361
863 408
864 354
865 347
866 382
867 377
868 362
869 388
870 408
871 346
872 385
873 366
874 336
875 345
876 376
877 387
878 343
879 376
880 349
881 377
882 339
883 380
884 366
885 333
886 349
887 345
888 335
889 333
890 344
891 317
892 339
893 336
894 381
895 357
896 332
897 351
898 328
899 341
900 360
901 338
902 336
903 348
904 332
905 359
906 326
907 340
908 321
909 340
910 355
911 311
912 348
913 332
914 307
915 313
916 322
917 305
918 321
919 293
920 310
921 322
922 306
923 334
924 295
925 316
926 291
927 294
928 306
929 306
930 303
931 300
932 296
933 324
934 296
935 309
936 307
937 332
938 280
939 289
940 329
941 291
942 284
943 279
944 308
945 282
946 322
947 297
948 314
949 312
950 302
951 326
952 294
953 318
954 337
955 285
956 328
957 301
958 337
959 325
960 268
961 328
962 270
963 288
964 309
965 280
966 300
967 293
968 299
969 292
970 278
971 295
972 267
973 324
974 288
975 285
976 281
977 274
978 314
979 294
980 301
981 263
982 272
983 262
984 272
985 291
986 277
987 275
988 289
989 295
990 291
991 279
992 275
993 297
994 264
995 291
996 301
997 293
998 268
999 258
1000 278
1001 254
1002 290
1003 277
1004 275
1005 283
1006 276
1007 260
1008 257
1009 254
1010 308
1011 248
1012 302
1013 274
1014 281
1015 274
1016 257
1017 284
1018 257
1019 255
1020 277
1021 288
1022 254
1023 258
1024 275
1025 263
1026 281
1027 259
1028 270
1029 263
1030 295
1031 267
1032 258
1033 274
1034 271
1035 282
1036 271
1037 273
1038 276
1039 252
1040 264
1041 273
1042 272
1043 282
1044 282
1045 310
1046 284
1047 263
1048 266
1049 271
1050 279
1051 286
1052 272
1053 269
1054 254
1055 281
1056 252
1057 279
1058 297
1059 277
1060 297
1061 284
1062 284
1063 265
1064 254
1065 256
1066 273
1067 304
1068 273
1069 280
1070 270
1071 238
1072 244
1073 258
1074 267
1075 291
1076 244
1077 278
1078 267
1079 286
1080 266
1081 304
1082 289
1083 245
1084 260
1085 243
1086 270
1087 295
1088 295
1089 260
1090 287
1091 268
1092 291
1093 292
1094 287
1095 243
1096 234
1097 275
1098 309
1099 280
1100 261
1101 293
1102 255
1103 288
1104 273
1105 293
1106 293
1107 286
1108 284
1109 275
1110 270
1111 311
1112 291
1113 320
1114 292
1115 255
1116 244
1117 272
1118 244
1119 263
1120 266
1121 291
1122 263
1123 296
1124 275
1125 266
1126 286
1127 285
1128 271
1129 266
1130 269
1131 287
1132 279
1133 284
1134 297
1135 261
1136 274
1137 304
1138 274
1139 260
1140 260
1141 268
1142 251
1143 309
1144 291
1145 285
1146 286
1147 317
1148 286
1149 275
1150 291
1151 320
1152 290
1153 283
1154 278
1155 322
1156 299
1157 293
1158 310
1159 303
1160 298
1161 331
1162 311
1163 333
1164 357
1165 317
1166 349
1167 315
1168 363
1169 346
1170 340
1171 354
1172 362
1173 332
1174 360
1175 355
1176 306
1177 326
1178 364
1179 342
1180 371
1181 347
1182 326
1183 338
1184 338
1185 384
1186 364
1187 370
1188 345
1189 388
1190 383
1191 401
1192 389
1193 389
1194 362
1195 355
1196 349
1197 337
1198 380
1199 348
1200 350
1201 353
1202 398
1203 390
1204 379
1205 387
1206 364
1207 346
1208 405
1209 369
1210 374
1211 323
1212 387
1213 399
1214 361
1215 348
1216 362
1217 370
1218 361
1219 385
1220 396
1221 429
1222 371
1223 427
1224 384
1225 360
1226 396
1227 407
1228 397
1229 421
1230 386
1231 364
1232 445
1233 410
1234 455
1235 390
1236 420
1237 426
1238 402
1239 392
1240 456
1241 437
1242 427
1243 424
1244 405
1245 429
1246 428
1247 409
1248 444
1249 458
1250 442
1251 474
1252 448
1253 429
1254 415
1255 468
1256 467
1257 476
1258 431
1259 463
1260 501
1261 464
1262 454
1263 494
1264 449
1265 479
1266 446
1267 485
1268 505
1269 460
1270 465
1271 484
1272 483
1273 497
1274 492
1275 501
1276 503
1277 497
1278 498
1279 466
1280 530
1281 439
1282 526
1283 522
1284 469
1285 503
1286 425
1287 516
1288 521
1289 565
1290 517
1291 520
1292 535
1293 528
1294 510
1295 546
1296 550
1297 507
1298 553
1299 510
1300 546
1301 487
1302 515
1303 483
1304 547
1305 538
1306 494
1307 529
1308 566
1309 524
1310 539
1311 572
1312 560
1313 512
1314 592
1315 571
1316 575
1317 538
1318 532
1319 535
1320 590
1321 528
1322 563
1323 568
1324 531
1325 527
1326 530
1327 539
1328 536
1329 509
1330 507
1331 551
1332 508
1333 492
1334 529
1335 505
1336 497
1337 489
1338 542
1339 504
1340 532
1341 544
1342 529
1343 577
1344 538
1345 530
1346 508
1347 481
1348 564
1349 514
1350 505
1351 511
1352 529
1353 498
1354 528
1355 510
1356 513
1357 516
1358 500
1359 498
1360 493
1361 463
1362 494
1363 522
1364 482
1365 494
1366 469
1367 482
1368 496
1369 495
1370 489
1371 489
1372 485
1373 422
1374 492
1375 463
1376 491
1377 498
1378 495
1379 465
1380 490
1381 478
1382 494
1383 485
1384 529
1385 505
1386 472
1387 478
1388 487
1389 527
1390 476
1391 530
1392 502
1393 470
1394 501
1395 484
1396 477
1397 483
1398 470
1399 467
1400 434
1401 481
1402 491
1403 455
1404 492
1405 454
1406 487
1407 426
1408 454
1409 422
1410 463
1411 425
1412 415
1413 404
1414 444
1415 421
1416 391
1417 424
1418 423
1419 423
1420 415
1421 409
1422 416
1423 427
1424 414
1425 412
1426 415
1427 429
1428 416
1429 425
1430 437
1431 422
1432 419
1433 383
1434 379
1435 387
1436 390
1437 372
1438 384
1439 393
1440 381
1441 417
1442 403
1443 392
1444 395
1445 382
1446 375
1447 376
1448 418
1449 351
1450 385
1451 342
1452 356
1453 350
1454 351
1455 351
1456 342
1457 356
1458 366
1459 319
1460 317
1461 306
1462 348
1463 313
1464 300
1465 318
1466 321
1467 317
1468 317
1469 304
1470 284
1471 335
1472 301
1473 292
1474 247
1475 288
1476 271
1477 307
1478 291
1479 309
1480 300
1481 297
1482 286
1483 265
1484 268
1485 244
1486 250
1487 266
1488 271
1489 285
1490 279
1491 282
1492 270
1493 294
1494 290
1495 276
1496 248
1497 241
1498 270
1499 241
1500 288
1501 273
1502 265
1503 247
1504 263
1505 265
1506 243
1507 260
1508 247
1509 229
1510 251
1511 249
1512 239
1513 240
1514 222
1515 249
1516 224
1517 243
1518 249
1519 275
1520 244
1521 236
1522 224
1523 219
1524 217
1525 240
1526 208
1527 233
1528 246
1529 229
1530 211
1531 219
1532 227
1533 195
1534 222
1535 208
1536 202
1537 210
1538 216
1539 190
1540 220
1541 216
1542 176
1543 195
1544 207
1545 214
1546 205
1547 178
1548 200
1549 198
1550 210
1551 179
1552 179
1553 204
1554 165
1555 171
1556 170
1557 178
1558 165
1559 189
1560 151
1561 164
1562 164
1563 196
1564 163
1565 137
1566 155
1567 184
1568 151
1569 179
1570 159
1571 185
1572 167
1573 181
1574 195
1575 164
1576 160
1577 156
1578 165
1579 160
1580 150
1581 211
1582 171
1583 167
1584 171
1585 160
1586 162
1587 150
1588 162
1589 155
1590 172
1591 158
1592 148
1593 139
1594 178
1595 161
1596 185
1597 169
1598 165
1599 135
1600 161
1601 139
1602 149
1603 145
1604 170
1605 150
1606 172
1607 131
1608 158
1609 139
1610 149
1611 158
1612 162
1613 154
1614 162
1615 126
1616 167
1617 156
1618 148
1619 151
1620 168
1621 127
1622 149
1623 146
1624 121
1625 116
1626 135
1627 136
1628 148
1629 148
1630 132
1631 136
1632 140
1633 125
1634 114
1635 120
1636 132
1637 128
1638 128
1639 119
1640 136
1641 159
1642 123
1643 123
1644 110
1645 126
1646 143
1647 119
1648 136
1649 117
1650 112
1651 120
1652 116
1653 118
1654 121
1655 127
1656 121
1657 124
1658 120
1659 108
1660 122
1661 108
1662 114
1663 120
1664 110
1665 128
1666 98
1667 112
1668 115
1669 108
1670 117
1671 110
1672 95
1673 99
1674 111
1675 124
1676 122
1677 102
1678 138
1679 98
1680 101
1681 104
1682 120
1683 112
1684 98
1685 118
1686 102
1687 97
1688 93
1689 112
1690 116
1691 103
1692 120
1693 100
1694 92
1695 106
1696 89
1697 86
1698 97
1699 108
1700 94
1701 105
1702 103
1703 101
1704 83
1705 89
1706 93
1707 108
1708 93
1709 88
1710 117
1711 86
1712 119
1713 91
1714 96
1715 84
1716 109
1717 89
1718 93
1719 103
1720 90
1721 92
1722 88
1723 85
1724 103
1725 84
1726 110
1727 121
1728 104
1729 91
1730 86
1731 77
1732 114
1733 108
1734 99
1735 98
1736 89
1737 99
1738 91
1739 92
1740 96
1741 102
1742 105
1743 101
1744 99
1745 111
1746 106
1747 110
1748 94
1749 111
1750 106
1751 97
1752 88
1753 88
1754 91
1755 119
1756 100
1757 92
1758 80
1759 97
1760 106
1761 101
1762 92
1763 86
1764 95
1765 96
1766 82
1767 103
1768 94
1769 99
1770 97
1771 81
1772 88
1773 89
1774 92
1775 103
1776 96
1777 85
1778 81
1779 93
1780 88
1781 89
1782 97
1783 96
1784 104
1785 106
1786 90
1787 86
1788 93
1789 97
1790 84
1791 119
1792 86
1793 90
1794 90
1795 89
1796 87
1797 106
1798 93
1799 89
1800 96
1801 79
1802 102
1803 94
1804 101
1805 108
1806 101
1807 84
1808 108
1809 87
1810 104
1811 106
1812 89
1813 99
1814 100
1815 89
1816 89
1817 100
1818 85
1819 99
1820 86
1821 84
1822 86
1823 85
1824 82
1825 91
1826 100
1827 89
1828 81
1829 75
1830 78
1831 96
1832 88
1833 67
1834 99
1835 96
1836 87
1837 94
1838 98
1839 90
1840 85
1841 88
1842 77
1843 84
1844 82
1845 95
1846 92
1847 85
1848 85
1849 108
1850 87
1851 90
1852 102
1853 74
1854 90
1855 82
1856 96
1857 83
1858 104
1859 98
1860 80
1861 80
1862 82
1863 87
1864 91
1865 90
1866 92
1867 86
1868 83
1869 76
1870 77
1871 81
1872 103
1873 99
1874 75
1875 77
1876 81
1877 86
1878 93
1879 83
1880 88
1881 78
1882 83
1883 91
1884 85
1885 82
1886 95
1887 68
1888 86
1889 107
1890 98
1891 85
1892 75
1893 88
1894 85
1895 83
1896 93
1897 79
1898 87
1899 97
1900 87
1901 77
1902 65
1903 90
1904 95
1905 81
1906 88
1907 96
1908 84
1909 78
1910 98
1911 87
1912 93
1913 89
1914 98
1915 84
1916 90
1917 82
1918 65
1919 80
1920 95
1921 92
1922 89
1923 80
1924 85
1925 71
1926 86
1927 81
1928 97
1929 83
1930 71
1931 91
1932 93
1933 87
1934 74
1935 77
1936 66
1937 83
1938 89
1939 96
1940 77
1941 85
1942 65
1943 79
1944 77
1945 81
1946 91
1947 87
1948 83
1949 62
1950 68
1951 70
1952 70
1953 80
1954 73
1955 87
1956 71
1957 72
1958 70
1959 67
1960 78
1961 69
1962 81
1963 81
1964 89
1965 75
1966 67
1967 93
1968 66
1969 80
1970 84
1971 81
1972 59
1973 92
1974 69
1975 67
1976 85
1977 88
1978 72
1979 73
1980 68
1981 83
1982 79
1983 73
1984 79
1985 62
1986 80
1987 83
1988 73
1989 89
1990 73
1991 74
1992 68
1993 78
1994 75
1995 71
1996 78
1997 83
1998 79
1999 78
2000 90
2001 86
2002 80
2003 58
2004 69
2005 86
2006 71
2007 87
2008 70
2009 75
2010 68
2011 73
2012 67
2013 67
2014 71
2015 84
2016 60
2017 73
2018 89
2019 86
2020 75
2021 83
2022 62
2023 79
2024 77
2025 79
2026 69
2027 76
2028 84
2029 80
2030 80
2031 78
2032 65
2033 85
2034 56
2035 83
2036 72
2037 65
2038 70
2039 65
2040 73
2041 72
2042 80
2043 95
2044 74
2045 74
2046 88
2047 61
2048 68
2049 71
2050 72
2051 75
2052 86
2053 90
2054 80
2055 73
2056 55
2057 78
2058 82
2059 81
2060 81
2061 81
2062 83
2063 86
2064 83
2065 80
2066 74
2067 82
2068 67
2069 71
2070 92
2071 63
2072 67
2073 105
2074 80
2075 77
2076 84
2077 65
2078 77
2079 76
2080 92
2081 85
2082 95
2083 76
2084 79
2085 87
2086 82
2087 79
2088 66
2089 66
2090 78
2091 77
2092 79
2093 83
2094 82
2095 88
2096 80
2097 80
2098 90
2099 96
2100 85
2101 85
2102 83
2103 94
2104 87
2105 76
2106 70
2107 81
2108 63
2109 79
2110 58
2111 89
2112 62
2113 83
2114 75
2115 70
2116 59
2117 79
2118 84
2119 79
2120 81
2121 60
2122 71
2123 64
2124 87
2125 67
2126 90
2127 72
2128 74
2129 70
2130 90
2131 92
2132 72
2133 91
2134 64
2135 61
2136 89
2137 80
2138 56
2139 70
2140 86
2141 76
2142 69
2143 83
2144 69
2145 89
2146 83
2147 87
2148 72
2149 64
2150 65
2151 72
2152 74
2153 65
2154 79
2155 79
2156 88
2157 75
2158 73
2159 67
2160 87
2161 69
2162 67
2163 67
2164 71
2165 76
2166 57
2167 79
2168 69
2169 79
2170 68
2171 77
2172 78
2173 80
2174 73
2175 88
2176 56
2177 74
2178 76
2179 69
2180 74
2181 70
2182 66
2183 69
2184 72
2185 71
2186 52
2187 65
2188 44
2189 69
2190 55
2191 73
2192 57
2193 69
2194 71
2195 55
2196 76
2197 63
2198 62
2199 72
2200 80
2201 64
2202 70
2203 69
2204 81
2205 75
2206 64
2207 79
2208 79
2209 79
2210 77
2211 74
2212 72
2213 74
2214 58
2215 79
2216 70
2217 82
2218 68
2219 60
2220 64
2221 71
2222 85
2223 64
2224 74
2225 80
2226 80
2227 75
2228 79
2229 81
2230 82
2231 81
2232 66
2233 71
2234 71
2235 61
2236 68
2237 63
2238 56
2239 69
2240 92
2241 87
2242 78
2243 54
2244 86
2245 71
2246 76
2247 74
2248 70
2249 79
2250 81
2251 76
2252 54
2253 61
2254 63
2255 57
2256 65
2257 78
2258 65
2259 70
2260 68
2261 59
2262 63
2263 66
2264 61
2265 61
2266 64
2267 74
2268 76
2269 64
2270 70
2271 75
2272 76
2273 69
2274 65
2275 73
2276 69
2277 66
2278 46
2279 61
2280 61
2281 62
2282 65
2283 69
2284 64
2285 71
2286 75
2287 62
2288 66
2289 76
2290 58
2291 66
2292 74
2293 60
2294 59
2295 62
2296 76
2297 54
2298 73
2299 66
2300 51
2301 54
2302 68
2303 73
2304 68
2305 74
2306 70
2307 64
2308 62
2309 69
2310 63
2311 62
2312 73
2313 62
2314 71
2315 62
2316 65
2317 71
2318 60
2319 67
2320 50
2321 77
2322 57
2323 69
2324 54
2325 72
2326 74
2327 57
2328 53
2329 71
2330 62
2331 64
2332 75
2333 56
2334 76
2335 58
2336 57
2337 67
2338 44
2339 66
2340 58
2341 40
2342 64
2343 48
2344 63
2345 63
2346 57
2347 57
2348 59
2349 60
2350 63
2351 68
2352 60
2353 63
2354 48
2355 60
2356 58
2357 48
2358 56
2359 75
2360 65
2361 60
2362 63
2363 66
2364 60
2365 69
2366 63
2367 53
2368 65
2369 64
2370 50
2371 61
2372 45
2373 54
2374 71
2375 60
2376 75
2377 62
2378 68
2379 55
2380 56
2381 52
2382 60
2383 58
2384 65
2385 67
2386 60
2387 64
2388 69
2389 74
2390 61
2391 59
2392 56
2393 69
2394 57
2395 56
2396 64
2397 62
2398 52
2399 76
2400 57
2401 63
2402 65
2403 65
2404 64
2405 61
2406 58
2407 65
2408 59
2409 55
2410 71
2411 63
2412 71
2413 69
2414 59
2415 69
2416 72
2417 70
2418 63
2419 61
2420 57
2421 50
2422 63
2423 62
2424 60
2425 47
2426 57
2427 57
2428 51
2429 64
2430 58
2431 78
2432 59
2433 77
2434 56
2435 58
2436 63
2437 70
2438 70
2439 64
2440 67
2441 68
2442 70
2443 70
2444 73
2445 71
2446 61
2447 72
2448 75
2449 87
2450 72
2451 61
2452 67
2453 63
2454 82
2455 57
2456 67
2457 67
2458 64
2459 62
2460 73
2461 74
2462 81
2463 82
2464 63
2465 70
2466 76
2467 71
2468 83
2469 64
2470 83
2471 68
2472 62
2473 65
2474 72
2475 83
2476 61
2477 66
2478 71
2479 63
2480 67
2481 73
2482 74
2483 60
2484 64
2485 67
2486 73
2487 71
2488 80
2489 71
2490 83
2491 63
2492 83
2493 77
2494 58
2495 76
2496 83
2497 73
2498 78
2499 76
2500 71
2501 71
2502 66
2503 64
2504 59
2505 72
2506 78
2507 67
2508 78
2509 83
2510 63
2511 70
2512 69
2513 70
2514 82
2515 81
2516 67
2517 88
2518 85
2519 73
2520 61
2521 79
2522 72
2523 69
2524 78
2525 103
2526 90
2527 66
2528 70
2529 84
2530 78
2531 100
2532 87
2533 81
2534 75
2535 77
2536 94
2537 89
2538 80
2539 76
2540 87
2541 70
2542 90
2543 84
2544 91
2545 65
2546 75
2547 86
2548 73
2549 80
2550 71
2551 82
2552 69
2553 78
2554 87
2555 84
2556 85
2557 78
2558 85
2559 76
2560 62
2561 69
2562 74
2563 74
2564 98
2565 77
2566 87
2567 95
2568 98
2569 89
2570 78
2571 80
2572 92
2573 102
2574 94
2575 87
2576 95
2577 101
2578 85
2579 87
2580 108
2581 85
2582 84
2583 66
2584 102
2585 79
2586 92
2587 100
2588 98
2589 90
2590 93
2591 105
2592 87
2593 101
2594 101
2595 99
2596 85
2597 93
2598 83
2599 87
2600 92
2601 82
2602 94
2603 111
2604 77
2605 76
2606 83
2607 89
2608 111
2609 84
2610 90
2611 101
2612 86
2613 106
2614 94
2615 63
2616 97
2617 88
2618 75
2619 96
2620 103
2621 90
2622 80
2623 91
2624 93
2625 69
2626 87
2627 90
2628 99
2629 72
2630 81
2631 98
2632 85
2633 87
2634 88
2635 112
2636 99
2637 104
2638 91
2639 77
2640 82
2641 79
2642 83
2643 81
2644 81
2645 84
2646 77
2647 73
2648 87
2649 96
2650 76
2651 81
2652 81
2653 93
2654 97
2655 71
2656 89
2657 84
2658 89
2659 69
2660 89
2661 87
2662 76
2663 90
2664 69
2665 74
2666 79
2667 85
2668 83
2669 79
2670 74
2671 101
2672 74
2673 86
2674 88
2675 93
2676 84
2677 86
2678 94
2679 79
2680 71
2681 83
2682 90
2683 79
2684 92
2685 94
2686 77
2687 72
2688 90
2689 104
2690 77
2691 74
2692 73
2693 95
2694 81
2695 79
2696 97
2697 81
2698 85
2699 76
2700 86
2701 89
2702 85
2703 77
2704 80
2705 91
2706 81
2707 75
2708 75
2709 79
2710 82
2711 79
2712 85
2713 81
2714 60
2715 77
2716 70
2717 68
2718 68
2719 82
2720 64
2721 66
2722 66
2723 65
2724 90
2725 57
2726 66
2727 63
2728 77
2729 57
2730 77
2731 76
2732 63
2733 75
2734 53
2735 80
2736 62
2737 64
2738 55
2739 64
2740 78
2741 66
2742 67
2743 48
2744 71
2745 60
2746 52
2747 64
2748 62
2749 48
2750 72
2751 81
2752 61
2753 57
2754 73
2755 56
2756 55
2757 56
2758 59
2759 54
2760 61
2761 63
2762 60
2763 64
2764 60
2765 49
2766 55
2767 53
2768 64
2769 65
2770 65
2771 63
2772 57
2773 61
2774 45
2775 52
2776 55
2777 47
2778 72
2779 64
2780 54
2781 62
2782 55
2783 56
2784 67
2785 51
2786 60
2787 55
2788 68
2789 52
2790 50
2791 56
2792 71
2793 68
2794 56
2795 45
2796 56
2797 52
2798 68
2799 52
2800 55
2801 45
2802 47
2803 61
2804 54
2805 48
2806 54
2807 53
2808 42
2809 51
2810 50
2811 51
2812 62
2813 64
2814 60
2815 54
2816 35
2817 48
2818 46
2819 36
2820 51
2821 48
2822 49
2823 41
2824 55
2825 62
2826 58
2827 50
2828 47
2829 41
2830 44
2831 39
2832 51
2833 44
2834 39
2835 55
2836 58
2837 39
2838 41
2839 56
2840 43
2841 46
2842 60
2843 45
2844 47
2845 57
2846 56
2847 38
2848 50
2849 52
2850 50
2851 39
2852 48
2853 46
2854 34
2855 35
2856 43
2857 36
2858 42
2859 43
2860 36
2861 51
2862 47
2863 41
2864 43
2865 39
2866 48
2867 50
2868 32
2869 33
2870 33
2871 39
2872 46
2873 39
2874 34
2875 45
2876 42
2877 38
2878 46
2879 53
2880 37
2881 43
2882 35
2883 44
2884 53
2885 34
2886 40
2887 35
2888 29
2889 38
2890 38
2891 45
2892 42
2893 39
2894 33
2895 35
2896 39
2897 39
2898 40
2899 33
2900 32
2901 33
2902 46
2903 35
2904 31
2905 25
2906 37
2907 43
2908 47
2909 29
2910 30
2911 31
2912 36
2913 41
2914 45
2915 34
2916 31
2917 39
2918 36
2919 33
2920 43
2921 37
2922 34
2923 38
2924 40
2925 43
2926 34
2927 38
2928 40
2929 34
2930 35
2931 23
2932 27
2933 31
2934 31
2935 34
2936 37
2937 30
2938 39
2939 40
2940 32
2941 43
2942 26
2943 33
2944 29
2945 41
2946 43
2947 23
2948 27
2949 26
2950 30
2951 29
2952 32
2953 22
2954 38
2955 36
2956 37
2957 46
2958 40
2959 33
2960 38
2961 34
2962 29
2963 32
2964 33
2965 38
2966 35
2967 28
2968 32
2969 27
2970 39
2971 42
2972 31
2973 35
2974 32
2975 35
2976 26
2977 34
2978 32
2979 45
2980 29
2981 30
2982 29
2983 23
2984 29
2985 28
2986 25
2987 31
2988 28
2989 32
2990 33
2991 27
2992 36
2993 30
2994 28
2995 28
2996 27
2997 28
2998 25
2999 21
3000 26
3001 23
3002 26
3003 30
3004 31
3005 23
3006 34
3007 30
3008 28
3009 22
3010 36
3011 28
3012 22
3013 25
3014 28
3015 22
3016 26
3017 22
3018 17
3019 27
3020 29
3021 24
3022 24
3023 29
3024 25
3025 24
3026 22
3027 36
3028 27
3029 29
3030 23
3031 24
3032 36
3033 19
3034 22
3035 27
3036 35
3037 20
3038 23
3039 24
3040 17
3041 27
3042 25
3043 20
3044 25
3045 27
3046 23
3047 29
3048 30
3049 22
3050 25
3051 12
3052 28
3053 16
3054 29
3055 27
3056 33
3057 29
3058 19
3059 25
3060 30
3061 28
3062 20
3063 22
3064 21
3065 23
3066 19
3067 16
3068 21
3069 22
3070 21
3071 22
3072 24
3073 21
3074 27
3075 35
3076 11
3077 23
3078 23
3079 23
3080 24
3081 24
3082 21
3083 19
3084 19
3085 29
3086 25
3087 19
3088 32
3089 29
3090 27
3091 22
3092 27
3093 38
3094 30
3095 28
3096 27
3097 22
3098 26
3099 17
3100 22
3101 26
3102 26
3103 22
3104 30
3105 28
3106 27
3107 19
3108 14
3109 24
3110 25
3111 21
3112 16
3113 31
3114 25
3115 24
3116 20
3117 28
3118 29
3119 20
3120 27
3121 15
3122 27
3123 25
3124 21
3125 35
3126 31
3127 28
3128 18
3129 32
3130 18
3131 25
3132 25
3133 20
3134 24
3135 27
3136 22
3137 25
3138 27
3139 25
3140 25
3141 25
3142 25
3143 32
3144 22
3145 26
3146 25
3147 28
3148 25
3149 25
3150 23
3151 23
3152 26
3153 23
3154 23
3155 30
3156 27
3157 24
3158 16
3159 22
3160 24
3161 24
3162 26
3163 24
3164 26
3165 22
3166 22
3167 28
3168 25
3169 15
3170 27
3171 14
3172 27
3173 27
3174 20
3175 30
3176 24
3177 19
3178 24
3179 24
3180 28
3181 31
3182 31
3183 21
3184 16
3185 22
3186 22
3187 21
3188 24
3189 30
3190 31
3191 29
3192 26
3193 22
3194 21
3195 23
3196 21
3197 18
3198 31
3199 13
3200 25
3201 19
3202 27
3203 20
3204 18
3205 23
3206 25
3207 14
3208 17
3209 17
3210 20
3211 27
3212 22
3213 19
3214 33
3215 20
3216 20
3217 19
3218 17
3219 23
3220 19
3221 25
3222 15
3223 18
3224 24
3225 19
3226 21
3227 24
3228 16
3229 23
3230 17
3231 19
3232 32
3233 12
3234 17
3235 18
3236 25
3237 20
3238 19
3239 18
3240 15
3241 20
3242 22
3243 20
3244 14
3245 22
3246 18
3247 20
3248 11
3249 16
3250 12
3251 18
3252 10
3253 20
3254 21
3255 16
3256 13
3257 16
3258 16
3259 16
3260 20
3261 19
3262 27
3263 18
3264 15
3265 10
3266 11
3267 25
3268 17
3269 16
3270 5
3271 23
3272 11
3273 12
3274 19
3275 18
3276 22
3277 19
3278 9
3279 22
3280 23
3281 13
3282 15
3283 11
3284 22
3285 17
3286 12
3287 13
3288 21
3289 14
3290 18
3291 9
3292 17
3293 14
3294 16
3295 13
3296 15
3297 16
3298 11
3299 13
3300 10
3301 18
3302 17
3303 17
3304 22
3305 19
3306 11
3307 18
3308 15
3309 18
3310 20
3311 24
3312 11
3313 24
3314 23
3315 17
3316 20
3317 16
3318 27
3319 14
3320 16
3321 18
3322 16
3323 15
3324 22
3325 16
3326 11
3327 17
3328 17
3329 16
3330 23
3331 24
3332 21
3333 20
3334 12
3335 20
3336 21
3337 20
3338 17
3339 14
3340 20
3341 23
3342 26
3343 17
3344 17
3345 20
3346 12
3347 15
3348 26
3349 18
3350 18
3351 14
3352 15
3353 22
3354 26
3355 27
3356 12
3357 16
3358 19
3359 20
3360 12
3361 22
3362 15
3363 22
3364 14
3365 19
3366 22
3367 13
3368 21
3369 20
3370 11
3371 13
3372 21
3373 26
3374 14
3375 16
3376 17
3377 25
3378 18
3379 18
3380 12
3381 18
3382 19
3383 12
3384 14
3385 23
3386 12
3387 14
3388 13
3389 18
3390 17
3391 15
3392 21
3393 16
3394 20
3395 13
3396 16
3397 13
3398 17
3399 19
3400 17
3401 16
3402 16
3403 15
3404 13
3405 18
3406 18
3407 14
3408 12
3409 25
3410 15
3411 18
3412 18
3413 11
3414 21
3415 22
3416 16
3417 23
3418 22
3419 19
3420 20
3421 15
3422 24
3423 13
3424 18
3425 27
3426 10
3427 20
3428 23
3429 22
3430 11
3431 18
3432 17
3433 21
3434 15
3435 14
3436 23
3437 16
3438 22
3439 15
3440 8
3441 22
3442 15
3443 28
3444 18
3445 15
3446 17
3447 20
3448 9
3449 11
3450 15
3451 16
3452 11
3453 22
3454 15
3455 19
3456 17
3457 21
3458 19
3459 21
3460 13
3461 19
3462 12
3463 19
3464 17
3465 16
3466 12
3467 22
3468 21
3469 19
3470 21
3471 14
3472 13
3473 14
3474 8
3475 17
3476 14
3477 18
3478 20
3479 17
3480 13
3481 21
3482 11
3483 13
3484 16
3485 20
3486 15
3487 20
3488 25
3489 21
3490 16
3491 20
3492 17
3493 20
3494 15
3495 18
3496 25
3497 16
3498 15
3499 14
3500 28
3501 24
3502 18
3503 18
3504 17
3505 17
3506 17
3507 19
3508 18
3509 18
3510 19
3511 17
3512 19
3513 19
3514 11
3515 26
3516 15
3517 15
3518 12
3519 21
3520 9
3521 13
3522 20
3523 15
3524 17
3525 21
3526 15
3527 13
3528 14
3529 10
3530 18
3531 14
3532 17
3533 14
3534 16
3535 19
3536 20
3537 20
3538 16
3539 13
3540 8
3541 17
3542 11
3543 16
3544 20
3545 12
3546 18
3547 17
3548 17
3549 19
3550 14
3551 11
3552 18
3553 8
3554 16
3555 10
3556 21
3557 13
3558 18
3559 14
3560 23
3561 17
3562 20
3563 16
3564 11
3565 14
3566 13
3567 15
3568 13
3569 10
3570 18
3571 12
3572 12
3573 21
3574 11
3575 20
3576 14
3577 14
3578 15
3579 16
3580 16
3581 11
3582 14
3583 8
3584 15
3585 11
3586 14
3587 17
3588 14
3589 19
3590 14
3591 15
3592 9
3593 16
3594 7
3595 11
3596 17
3597 9
3598 23
3599 14
3600 7
3601 18
3602 12
3603 12
3604 7
3605 16
3606 11
3607 9
3608 15
3609 15
3610 14
3611 10
3612 14
3613 10
3614 12
3615 12
3616 5
3617 14
3618 9
3619 11
3620 8
3621 8
3622 6
3623 20
3624 11
3625 10
3626 12
3627 8
3628 13
3629 19
3630 11
3631 18
3632 10
3633 11
3634 18
3635 10
3636 7
3637 11
3638 9
3639 13
3640 12
3641 13
3642 16
3643 17
3644 5
3645 11
3646 12
3647 9
3648 7
3649 10
3650 8
3651 10
3652 8
3653 22
3654 18
3655 13
3656 19
3657 9
3658 9
3659 17
3660 10
3661 14
3662 18
3663 14
3664 9
3665 13
3666 14
3667 9
3668 15
3669 8
3670 13
3671 15
3672 9
3673 12
3674 15
3675 6
3676 15
3677 13
3678 5
3679 24
3680 13
3681 8
3682 16
3683 18
3684 11
3685 13
3686 11
3687 12
3688 13
3689 7
3690 16
3691 13
3692 11
3693 15
3694 11
3695 14
3696 11
3697 15
3698 10
3699 14
3700 12
3701 14
3702 6
3703 15
3704 11
3705 11
3706 19
3707 10
3708 10
3709 19
3710 8
3711 6
3712 10
3713 14
3714 15
3715 16
3716 11
3717 5
3718 10
3719 12
3720 17
3721 18
3722 14
3723 11
3724 14
3725 13
3726 7
3727 7
3728 23
3729 15
3730 12
3731 10
3732 9
3733 21
3734 11
3735 11
3736 10
3737 13
3738 15
3739 21
3740 13
3741 14
3742 10
3743 15
3744 21
3745 8
3746 8
3747 19
3748 18
3749 17
3750 18
3751 12
3752 10
3753 9
3754 13
3755 21
3756 10
3757 13
3758 11
3759 15
3760 15
3761 13
3762 12
3763 8
3764 11
3765 19
3766 10
3767 13
3768 9
3769 13
3770 20
3771 14
3772 15
3773 14
3774 12
3775 12
3776 19
3777 14
3778 19
3779 20
3780 9
3781 10
3782 9
3783 17
3784 13
3785 12
3786 14
3787 15
3788 8
3789 10
3790 10
3791 9
3792 16
3793 13
3794 12
3795 10
3796 7
3797 12
3798 9
3799 9
3800 12
3801 9
3802 9
3803 16
3804 9
3805 9
3806 13
3807 15
3808 11
3809 13
3810 14
3811 12
3812 10
3813 8
3814 10
3815 9
3816 12
3817 11
3818 13
3819 14
3820 4
3821 10
3822 16
3823 7
3824 11
3825 8
3826 15
3827 11
3828 12
3829 8
3830 8
3831 9
3832 9
3833 11
3834 15
3835 12
3836 5
3837 15
3838 9
3839 6
3840 9
3841 12
3842 12
3843 7
3844 8
3845 13
3846 12
3847 9
3848 12
3849 8
3850 7
3851 11
3852 12
3853 8
3854 6
3855 9
3856 10
3857 17
3858 10
3859 9
3860 9
3861 8
3862 4
3863 9
3864 12
3865 14
3866 7
3867 8
3868 16
3869 7
3870 9
3871 19
3872 10
3873 5
3874 6
3875 12
3876 11
3877 10
3878 10
3879 15
3880 12
3881 9
3882 6
3883 12
3884 13
3885 9
3886 9
3887 16
3888 17
3889 18
3890 9
3891 8
3892 11
3893 14
3894 18
3895 7
3896 14
3897 9
3898 11
3899 7
3900 9
3901 10
3902 13
3903 13
3904 11
3905 6
3906 10
3907 14
3908 9
3909 6
3910 15
3911 11
3912 15
3913 10
3914 6
3915 6
3916 7
3917 15
3918 17
3919 9
3920 17
3921 14
3922 7
3923 7
3924 5
3925 10
3926 11
3927 9
3928 13
3929 10
3930 13
3931 6
3932 9
3933 8
3934 8
3935 12
3936 11
3937 16
3938 15
3939 9
3940 10
3941 10
3942 4
3943 7
3944 11
3945 9
3946 6
3947 5
3948 9
3949 7
3950 15
3951 7
3952 11
3953 18
3954 13
3955 5
3956 4
3957 9
3958 15
3959 10
3960 15
3961 10
3962 9
3963 8
3964 6
3965 11
3966 5
3967 10
3968 15
3969 9
3970 8
3971 5
3972 9
3973 11
3974 14
3975 8
3976 10
3977 5
3978 5
3979 15
3980 13
3981 15
3982 7
3983 11
3984 10
3985 7
3986 5
3987 11
3988 13
3989 14
3990 18
3991 14
3992 12
3993 13
3994 13
3995 8
3996 9
3997 11
3998 10
3999 2
4000 13
4001 14
4002 10
4003 6
4004 10
4005 6
4006 6
4007 8
4008 6
4009 8
4010 3
4011 5
4012 8
4013 6
4014 8
4015 9
4016 5
4017 8
4018 17
4019 9
4020 7
4021 7
4022 7
4023 9
4024 8
4025 6
4026 8
4027 13
4028 8
4029 12
4030 6
4031 8
4032 12
4033 16
4034 9
4035 7
4036 6
4037 4
4038 8
4039 12
4040 14
4041 10
4042 8
4043 9
4044 7
4045 7
4046 12
4047 13
4048 11
4049 13
4050 10
4051 8
4052 7
4053 8
4054 5
4055 12
4056 9
4057 6
4058 13
4059 12
4060 9
4061 10
4062 10
4063 8
4064 17
4065 11
4066 7
4067 11
4068 7
4069 11
4070 11
4071 9
4072 8
4073 9
4074 9
4075 13
4076 9
4077 5
4078 5
4079 10
4080 9
4081 12
4082 6
4083 6
4084 12
4085 8
4086 6
4087 12
4088 9
4089 14
4090 10
4091 6
4092 9
4093 1
4094 10
4095 10
4096 8
4097 7
4098 6
4099 6
4100 18
4101 5
4102 7
4103 7
4104 9
4105 9
4106 6
4107 6
4108 9
4109 6
4110 5
4111 8
4112 3
4113 10
4114 5
4115 8
4116 13
4117 8
4118 5
4119 9
4120 11
4121 7
4122 3
4123 6
4124 6
4125 8
4126 11
4127 7
4128 16
4129 8
4130 8
4131 7
4132 14
4133 8
4134 8
4135 9
4136 4
4137 12
4138 12
4139 5
4140 7
4141 8
4142 5
4143 10
4144 2
4145 10
4146 5
4147 10
4148 8
4149 9
4150 8
4151 6
4152 9
4153 5
4154 6
4155 6
4156 10
4157 7
4158 6
4159 6
4160 12
4161 5
4162 6
4163 7
4164 10
4165 5
4166 9
4167 8
4168 9
4169 7
4170 8
4171 4
4172 10
4173 6
4174 14
4175 14
4176 10
4177 9
4178 9
4179 13
4180 11
4181 7
4182 11
4183 6
4184 13
4185 8
4186 8
4187 10
4188 7
4189 6
4190 9
4191 9
4192 10
4193 7
4194 9
4195 15
4196 6
4197 11
4198 7
4199 6
4200 7
4201 8
4202 12
4203 5
4204 7
4205 6
4206 6
4207 5
4208 5
4209 2
4210 7
4211 8
4212 15
4213 11
4214 11
4215 9
4216 7
4217 10
4218 6
4219 7
4220 10
4221 7
4222 5
4223 8
4224 8
4225 9
4226 10
4227 12
4228 9
4229 11
4230 13
4231 6
4232 8
4233 7
4234 6
4235 12
4236 10
4237 4
4238 7
4239 5
4240 6
4241 9
4242 5
4243 6
4244 6
4245 12
4246 9
4247 9
4248 4
4249 12
4250 9
4251 11
4252 9
4253 8
4254 8
4255 10
4256 7
4257 8
4258 9
4259 11
4260 5
4261 12
4262 11
4263 10
4264 6
4265 14
4266 7
4267 5
4268 10
4269 7
4270 6
4271 7
4272 4
4273 13
4274 10
4275 11
4276 17
4277 14
4278 6
4279 7
4280 9
4281 9
4282 5
4283 9
4284 7
4285 5
4286 10
4287 9
4288 10
4289 11
4290 9
4291 9
4292 11
4293 3
4294 10
4295 5
4296 9
4297 9
4298 11
4299 7
4300 8
4301 8
4302 9
4303 7
4304 10
4305 12
4306 4
4307 12
4308 4
4309 13
4310 9
4311 4
4312 12
4313 14
4314 10
4315 12
4316 16
4317 10
4318 14
4319 11
4320 8
4321 7
4322 3
4323 7
4324 7
4325 6
4326 11
4327 10
4328 7
4329 9
4330 10
4331 11
4332 8
4333 8
4334 10
4335 6
4336 11
4337 7
4338 10
4339 7
4340 9
4341 7
4342 11
4343 11
4344 8
4345 8
4346 6
4347 8
4348 7
4349 10
4350 8
4351 8
4352 9
4353 10
4354 9
4355 6
4356 7
4357 8
4358 11
4359 6
4360 13
4361 9
4362 6
4363 15
4364 6
4365 10
4366 8
4367 5
4368 11
4369 10
4370 9
4371 11
4372 11
4373 10
4374 10
4375 7
4376 4
4377 10
4378 7
4379 7
4380 7
4381 11
4382 13
4383 7
4384 4
4385 3
4386 11
4387 10
4388 9
4389 16
4390 9
4391 8
4392 7
4393 9
4394 9
4395 4
4396 4
4397 11
4398 9
4399 6
4400 11
4401 11
4402 8
4403 6
4404 11
4405 3
4406 10
4407 8
4408 3
4409 7
4410 7
4411 3
4412 10
4413 8
4414 5
4415 8
4416 9
4417 10
4418 13
4419 5
4420 6
4421 12
4422 8
4423 6
4424 4
4425 6
4426 7
4427 6
4428 6
4429 6
4430 8
4431 7
4432 11
4433 4
4434 4
4435 9
4436 5
4437 5
4438 7
4439 3
4440 6
4441 6
4442 6
4443 15
4444 3
4445 4
4446 5
4447 7
4448 7
4449 3
4450 4
4451 7
4452 4
4453 3
4454 7
4455 3
4456 10
4457 8
4458 8
4459 3
4460 12
4461 5
4462 5
4463 10
4464 5
4465 6
4466 12
4467 6
4468 5
4469 7
4470 7
4471 8
4472 7
4473 7
4474 4
4475 13
4476 8
4477 9
4478 6
4479 11
4480 9
4481 9
4482 5
4483 2
4484 8
4485 8
4486 6
4487 6
4488 12
4489 7
4490 4
4491 9
4492 6
4493 8
4494 6
4495 5
4496 4
4497 7
4498 4
4499 7
4500 11
4501 1
4503 9
4504 8
4505 11
4506 4
4507 7
4508 5
4509 5
4510 10
4511 5
4512 8
4513 7
4514 6
4515 7
4516 10
4517 8
4518 7
4519 6
4520 4
4521 8
4522 8
4523 6
4524 2
4525 5
4526 2
4527 4
4528 6
4529 8
4530 8
4531 13
4532 4
4533 4
4534 10
4535 11
4536 6
4537 9
4538 11
4539 8
4540 4
4541 4
4542 9
4543 6
4544 4
4545 8
4546 2
4547 8
4548 4
4549 5
4550 6
4551 3
4552 9
4553 4
4554 8
4555 7
4556 5
4557 7
4558 2
4559 3
4560 3
4561 5
4562 8
4563 8
4564 5
4565 8
4566 7
4567 7
4568 5
4569 10
4570 5
4571 6
4572 4
4573 6
4574 5
4575 7
4576 9
4577 9
4578 8
4579 9
4580 4
4581 3
4582 8
4583 4
4584 11
4585 13
4586 6
4587 7
4588 8
4589 5
4590 5
4591 7
4592 7
4593 7
4594 6
4595 17
4596 7
4597 9
4598 4
4599 11
4600 6
4601 10
4602 9
4603 6
4604 9
4605 10
4606 5
4607 5
4608 5
4609 5
4610 6
4611 8
4612 5
4613 12
4614 5
4615 2
4616 10
4617 9
4618 9
4619 13
4620 5
4621 6
4622 7
4623 7
4624 8
4625 4
4626 9
4627 10
4628 9
4629 4
4630 2
4631 5
4632 5
4633 5
4634 10
4635 6
4636 7
4637 4
4638 14
4639 4
4640 9
4641 3
4642 7
4643 1
4645 6
4646 1
4647 2
4648 9
4649 5
4650 15
4651 5
4652 11
4653 12
4654 6
4655 5
4656 4
4657 7
4658 8
4659 6
4660 7
4661 5
4662 4
4663 5
4664 5
4665 5
4666 6
4667 5
4668 13
4669 7
4670 4
4671 7
4672 2
4673 2
4674 7
4675 5
4676 6
4677 4
4678 5
4679 7
4680 5
4681 6
4682 6
4683 2
4684 6
4685 5
4686 10
4687 2
4688 5
4689 7
4690 6
4691 5
4692 5
4693 9
4694 1
4695 8
4696 3
4697 11
4698 7
4699 9
4700 2
4701 6
4702 10
4703 3
4704 2
4705 4
4706 7
4707 5
4708 4
4709 3
4710 6
4711 4
4712 3
4713 1
4714 7
4715 6
4716 1
4717 5
4718 6
4719 7
4720 7
4721 11
4722 7
4723 4
4724 5
4725 6
4726 5
4727 4
4728 6
4729 8
4730 11
4731 8
4732 8
4733 6
4734 3
4735 8
4736 5
4737 3
4738 7
4739 3
4740 6
4741 9
4742 10
4743 6
4744 6
4745 7
4746 8
4747 10
4748 10
4749 9
4750 7
4751 3
4752 8
4753 9
4754 6
4755 11
4756 3
4757 6
4758 7
4759 6
4760 10
4761 11
4762 8
4763 11
4764 10
4765 11
4766 5
4767 7
4768 5
4769 5
4770 3
4771 6
4772 5
4773 3
4774 6
4775 4
4776 5
4777 9
4778 6
4779 5
4780 6
4781 3
4782 5
4783 6
4784 7
4785 4
4786 5
4787 9
4788 8
4789 5
4790 6
4791 2
4792 6
4793 2
4794 14
4796 5
4797 2
4798 7
4799 5
4800 4
4801 5
4802 4
4803 4
4804 4
4805 5
4806 6
4807 4
4808 7
4809 6
4810 8
4811 4
4812 6
4813 7
4814 6
4815 4
4816 4
4817 7
4818 5
4819 5
4820 8
4821 7
4822 5
4823 8
4824 11
4825 5
4826 10
4827 14
4828 8
4829 4
4830 11
4831 5
4832 9
4833 5
4834 4
4835 7
4836 7
4837 7
4838 5
4839 6
4840 3
4841 5
4842 7
4843 3
4844 12
4845 5
4846 5
4847 5
4848 5
4849 7
4850 3
4851 2
4852 3
4853 4
4854 4
4855 5
4856 9
4857 6
4858 6
4859 7
4860 7
4861 8
4862 5
4863 6
4864 6
4865 7
4866 3
4867 6
4868 9
4869 3
4870 8
4871 3
4872 4
4873 7
4874 6
4875 9
4876 6
4877 6
4878 5
4879 8
4880 7
4881 1
4882 4
4883 6
4884 2
4885 8
4886 5
4887 7
4888 5
4889 4
4890 4
4891 11
4892 6
4893 6
4894 9
4895 10
4896 10
4897 9
4898 6
4899 7
4900 6
4901 6
4902 7
4903 5
4904 3
4905 6
4906 9
4907 7
4908 3
4909 4
4910 6
4911 4
4912 2
4913 1
4914 3
4915 9
4916 3
4917 4
4918 5
4919 7
4920 5
4921 4
4922 8
4923 6
4924 7
4925 3
4926 8
4927 8
4928 4
4929 7
4930 11
4931 3
4932 6
4933 6
4934 3
4935 6
4936 4
4937 4
4938 4
4939 4
4940 5
4941 5
4942 2
4943 6
4944 5
4945 2
4946 7
4947 3
4948 6
4949 3
4950 7
4951 5
4952 6
4953 5
4954 6
4955 4
4956 7
4957 4
4958 5
4959 10
4960 7
4961 5
4962 5
4963 7
4964 6
4965 11
4966 7
4967 5
4968 9
4969 5
4970 6
4971 6
4972 6
4973 5
4974 8
4975 3
4976 3
4977 4
4978 3
4979 1
4980 5
4981 5
4982 5
4983 4
4984 3
4985 9
4986 5
4987 5
4988 5
4989 1
4990 8
4991 4
4992 6
4993 3
4994 6
4995 3
4996 4
4997 6
4998 5
4999 2
5000 1
5001 4
5002 5
5003 6
5004 3
5005 3
5006 3
5007 2
5008 3
5009 6
5010 2
5011 5
5012 8
5013 7
5014 6
5015 3
5016 8
5017 4
5018 5
5019 5
5020 5
5021 8
5022 4
5023 7
5024 3
5025 5
5026 6
5027 3
5028 4
5029 1
5030 4
5031 6
5032 5
5033 3
5034 7
5035 2
5036 3
5037 3
5038 4
5039 7
5040 4
5041 9
5042 3
5043 6
5044 7
5045 5
5046 5
5047 3
5048 5
5049 4
5050 5
5051 3
5052 5
5053 4
5054 3
5055 4
5056 4
5057 6
5058 7
5059 5
5060 1
5061 5
5062 5
5063 4
5064 3
5065 2
5066 8
5067 5
5068 5
5069 2
5070 2
5071 4
5072 3
5073 5
5074 3
5075 4
5076 8
5077 2
5078 4
5079 4
5080 3
5081 8
5082 11
5083 7
5084 5
5085 2
5086 4
5087 1
5088 2
5089 8
5090 4
5091 5
5092 3
5093 5
5094 6
5095 3
5096 8
5097 6
5098 12
5099 4
5100 1
5101 5
5102 6
5103 5
5104 5
5105 2
5106 4
5107 2
5108 5
5109 1
5110 5
5111 3
5112 4
5113 6
5114 5
5115 7
5116 5
5117 2
5118 5
5119 2
5120 5
5121 3
5122 7
5123 6
5124 4
5125 4
5126 5
5127 5
5128 11
5129 5
5130 7
5131 2
5132 4
5133 5
5134 4
5135 8
5136 8
5137 6
5138 6
5139 10
5140 2
5141 5
5142 7
5143 3
5144 4
5145 2
5146 9
5147 7
5148 4
5149 3
5150 8
5151 4
5152 13
5153 7
5154 6
5155 4
5156 5
5157 5
5158 8
5159 5
5160 6
5161 6
5162 4
5163 5
5164 4
5165 9
5166 8
5167 7
5168 9
5169 2
5170 3
5171 5
5172 10
5173 9
5174 10
5175 5
5176 7
5177 4
5178 1
5179 6
5180 6
5181 4
5182 5
5183 6
5184 8
5185 4
5186 5
5187 11
5188 3
5189 4
5190 11
5191 4
5192 5
5193 11
5194 3
5195 8
5196 3
5197 5
5198 2
5199 8
5200 6
5201 3
5202 4
5203 6
5204 6
5205 7
5206 4
5207 5
5208 3
5209 4
5210 7
5211 4
5212 4
5213 3
5214 5
5215 5
5216 6
5217 5
5218 9
5219 3
5220 5
5221 6
5222 3
5223 8
5224 4
5225 2
5226 8
5227 6
5228 6
5229 5
5230 5
5231 5
5232 7
5233 5
5234 10
5235 7
5236 8
5237 9
5238 12
5239 9
5240 9
5241 8
5242 6
5243 5
5244 6
5245 11
5246 8
5247 3
5248 3
5249 8
5250 9
5251 9
5252 6
5253 4
5254 6
5255 5
5256 7
5257 4
5258 8
5259 5
5260 7
5261 1
5262 7
5263 8
5264 5
5265 4
5266 5
5267 5
5268 2
5269 5
5270 3
5271 11
5272 6
5273 4
5274 7
5275 10
5276 5
5277 6
5278 9
5279 5
5280 9
5281 1
5282 4
5283 6
5284 7
5285 8
5286 4
5287 6
5288 3
5289 7
5290 6
5291 2
5292 5
5293 2
5294 3
5295 7
5296 4
5297 5
5298 6
5299 1
5300 6
5301 13
5302 3
5303 5
5304 4
5305 7
5306 1
5307 5
5308 7
5309 2
5310 6
5311 4
5312 3
5313 5
5314 3
5315 4
5316 6
5317 3
5318 4
5319 3
5320 10
5321 9
5322 5
5323 6
5324 2
5325 5
5326 4
5327 6
5328 4
5329 6
5330 10
5331 4
5332 2
5333 4
5334 5
5335 7
5336 4
5337 3
5338 9
5339 2
5340 7
5341 4
5342 2
5343 8
5344 6
5345 5
5346 6
5347 6
5348 5
5349 7
5350 4
5351 5
5352 7
5353 4
5354 5
5355 5
5356 8
5357 7
5358 5
5359 4
5360 3
5361 7
5362 3
5363 4
5364 5
5365 2
5366 6
5367 5
5368 6
5369 2
5370 2
5371 7
5372 5
5373 8
5374 6
5375 1
5376 6
5377 7
5378 7
5379 1
5380 3
5381 9
5382 3
5383 4
5384 4
5385 3
5386 5
5387 2
5388 8
5389 7
5390 6
5391 3
5392 4
5393 7
5394 8
5395 6
5396 6
5397 5
5398 5
5399 4
5400 2
5401 7
5402 3
5403 6
5404 4
5405 2
5406 3
5407 11
5408 3
5409 4
5410 13
5411 9
5412 6
5413 6
5414 6
5415 4
5416 7
5417 5
5418 7
5419 5
5420 8
5421 6
5422 5
5423 8
5424 4
5425 6
5426 11
5427 7
5428 2
5429 6
5430 4
5431 2
5432 6
5433 6
5434 3
5435 10
5436 5
5437 8
5438 7
5439 7
5440 11
5441 9
5442 9
5443 6
5444 6
5445 6
5446 4
5447 7
5448 5
5449 6
5450 5
5451 8
5452 4
5453 5
5454 4
5455 2
5456 8
5457 6
5458 8
5459 4
5460 5
5461 2
5462 6
5463 2
5464 4
5465 6
5466 3
5467 7
5468 8
5469 10
5470 3
5471 4
5472 6
5473 6
5474 7
5475 2
5476 4
5477 8
5478 4
5479 3
5480 5
5481 6
5482 4
5483 6
5484 6
5485 1
5486 4
5487 7
5488 6
5489 8
5490 9
5491 6
5492 9
5493 3
5494 4
5495 9
5496 7
5497 6
5498 5
5499 3
5500 7
5501 7
5502 5
5503 6
5504 7
5505 9
5506 3
5507 3
5508 7
5509 4
5510 5
5511 9
5512 6
5513 13
5514 4
5515 2
5516 4
5517 4
5518 5
5519 5
5520 2
5521 7
5522 6
5523 3
5524 3
5525 1
5526 10
5527 9
5528 5
5529 4
5530 3
5531 9
5532 6
5533 7
5534 3
5535 3
5536 5
5537 4
5538 9
5539 4
5540 6
5541 2
5542 9
5543 6
5544 8
5545 5
5546 7
5547 8
5548 3
5549 5
5550 8
5551 5
5552 10
5553 9
5554 4
5555 4
5556 12
5557 6
5558 9
5559 4
5560 4
5561 4
5562 3
5563 3
5564 11
5565 4
5566 3
5567 3
5568 4
5569 3
5570 4
5571 2
5572 9
5573 3
5574 4
5575 5
5576 4
5577 6
5578 3
5579 2
5580 3
5581 5
5582 2
5583 5
5584 3
5585 7
5586 7
5587 9
5588 5
5589 1
5590 7
5591 6
5592 3
5593 8
5594 6
5595 2
5596 7
5597 7
5598 3
5599 4
5600 4
5601 2
5602 6
5603 8
5604 3
5605 3
5606 8
5607 2
5608 5
5609 8
5610 2
5611 3
5612 2
5613 4
5614 4
5615 7
5616 8
5617 5
5618 3
5619 8
5620 5
5621 4
5622 3
5623 7
5624 6
5625 9
5626 6
5627 4
5628 5
5629 4
5630 4
5631 7
5632 4
5633 4
5634 4
5635 7
5636 6
5637 5
5638 6
5639 4
5640 3
5641 5
5642 5
5643 5
5644 5
5645 5
5646 7
5647 6
5648 2
5649 10
5650 6
5651 3
5652 7
5653 9
5654 9
5655 4
5656 3
5657 7
5658 9
5659 7
5660 2
5661 5
5662 3
5663 10
5664 7
5665 8
5666 7
5667 8
5668 6
5669 10
5670 2
5671 10
5672 9
5673 2
5674 8
5675 6
5676 5
5677 5
5678 4
5679 3
5680 7
5681 4
5682 4
5683 8
5684 5
5685 7
5686 5
5687 3
5688 2
5689 5
5690 8
5691 5
5692 6
5693 3
5694 7
5695 10
5696 2
5697 8
5698 7
5699 9
5700 7
5701 4
5702 6
5703 4
5704 5
5705 6
5706 4
5707 4
5708 3
5709 8
5710 6
5711 4
5712 7
5713 5
5714 2
5715 2
5716 4
5717 4
5718 8
5719 3
5720 4
5721 5
5722 7
5723 4
5724 4
5725 7
5726 1
5727 9
5728 5
5729 8
5730 7
5731 5
5732 7
5733 6
5734 7
5735 1
5736 4
5737 8
5738 8
5739 4
5740 4
5741 4
5742 10
5743 3
5744 2
5745 5
5746 5
5747 4
5748 4
5749 5
5750 5
5751 4
5752 10
5753 2
5754 3
5755 4
5756 4
5757 6
5758 6
5759 4
5760 3
5761 5
5762 4
5763 5
5764 8
5765 5
5766 6
5767 6
5768 3
5769 5
5770 4
5771 6
5772 9
5773 4
5774 3
5775 12
5776 5
5777 7
5778 5
5779 2
5780 7
5781 9
5782 5
5783 2
5784 3
5785 7
5786 7
5787 5
5788 4
5789 6
5790 6
5791 4
5792 9
5793 7
5794 7
5795 4
5796 9
5797 7
5798 7
5799 2
5800 6
5801 1
5802 4
5803 3
5804 12
5805 3
5806 5
5807 3
5808 7
5809 5
5810 3
5811 3
5812 5
5813 6
5814 7
5815 5
5816 4
5817 6
5818 8
5819 6
5820 2
5821 4
5822 5
5823 2
5824 6
5825 1
5826 5
5827 2
5828 6
5829 8
5830 3
5831 6
5832 4
5833 7
5834 8
5835 5
5836 10
5837 1
5838 8
5839 3
5840 8
5841 7
5842 6
5843 3
5844 9
5845 4
5846 6
5847 4
5848 7
5849 5
5850 3
5851 6
5852 8
5853 4
5854 3
5855 6
5856 5
5857 9
5858 4
5859 3
5860 3
5861 6
5862 2
5863 4
5864 4
5865 6
5866 7
5867 7
5868 7
5869 7
5870 7
5871 6
5872 3
5873 4
5874 8
5875 3
5876 3
5877 1
5878 5
5879 2
5880 6
5881 5
5882 6
5883 5
5884 15
5885 4
5886 4
5887 2
5888 4
5889 10
5890 6
5891 4
5892 8
5893 2
5894 4
5895 5
5896 1
5897 4
5898 5
5899 5
5900 6
5901 6
5902 9
5903 5
5904 2
5905 6
5906 7
5907 5
5908 6
5909 10
5910 8
5911 4
5912 5
5913 3
5914 7
5915 7
5916 8
5917 2
5918 4
5919 8
5920 6
5921 5
5922 5
5923 6
5924 9
5925 13
5926 9
5927 4
5928 2
5929 7
5930 7
5931 4
5932 7
5933 5
5934 9
5935 9
5936 4
5937 4
5938 5
5939 6
5940 10
5941 3
5942 9
5943 7
5944 1
5945 8
5946 2
5947 6
5948 6
5949 4
5950 3
5951 5
5952 3
5953 4
5954 2
5955 4
5956 8
5957 6
5958 4
5959 9
5960 3
5961 6
5962 5
5963 3
5964 6
5965 3
5966 4
5967 6
5968 5
5969 6
5970 8
5971 3
5972 5
5973 8
5974 5
5975 5
5976 3
5977 4
5978 4
5979 5
5980 9
5981 4
5982 5
5983 6
5984 10
5985 8
5986 3
5987 3
5988 4
5989 6
5990 11
5991 4
5992 6
5993 3
5994 7
5995 5
5996 4
5997 5
5998 11
5999 5
6000 5
6001 7
6002 6
6003 5
6004 7
6005 9
6006 4
6007 3
6008 11
6009 6
6010 5
6011 4
6012 3
6013 5
6014 1
6015 4
6016 2
6017 7
6018 7
6019 8
6020 5
6021 2
6022 11
6023 1
6024 5
6025 7
6026 6
6027 5
6028 5
6029 6
6030 5
6031 7
6032 5
6033 4
6034 5
6035 6
6036 8
6037 4
6038 2
6039 4
6040 1
6041 9
6042 9
6043 4
6044 3
6045 5
6046 5
6047 10
6048 4
6049 6
6050 6
6051 3
6052 2
6053 8
6054 5
6055 8
6056 3
6057 6
6058 4
6059 6
6060 9
6061 8
6062 7
6063 12
6064 5
6065 8
6066 4
6067 6
6068 4
6069 3
6070 6
6071 8
6073 5
6074 7
6075 6
6076 5
6077 6
6078 5
6079 3
6080 3
6081 7
6082 3
6083 7
6084 11
6085 7
6086 1
6087 4
6088 8
6089 3
6090 6
6091 3
6092 4
6093 4
6094 5
6095 7
6096 5
6097 4
6098 6
6099 3
6100 6
6101 6
6102 6
6103 3
6104 7
6105 6
6106 3
6107 5
6108 10
6109 5
6110 4
6111 6
6112 6
6113 6
6114 5
6115 5
6116 8
6117 6
6118 5
6119 4
6120 10
6121 4
6122 6
6123 4
6124 4
6125 12
6126 5
6127 5
6128 8
6129 4
6130 13
6131 5
6132 7
6133 7
6134 7
6135 9
6136 6
6137 9
6138 3
6139 11
6140 8
6141 5
6142 8
6143 7
6144 10
6145 5
6146 9
6147 11
6148 8
6149 5
6150 4
6151 2
6152 3
6153 6
6154 5
6155 9
6156 3
6157 10
6158 9
6159 4
6160 5
6161 5
6162 5
6163 7
6164 7
6165 6
6166 1
6167 5
6168 4
6169 8
6170 6
6171 9
6172 9
6173 5
6174 5
6175 6
6176 8
6177 5
6178 5
6179 8
6180 8
6181 4
6182 7
6183 8
6184 6
6185 8
6186 2
6187 7
6188 9
6189 3
6190 5
6191 4
6192 4
6193 8
6194 3
6195 6
6196 11
6197 8
6198 2
6199 5
6200 8
6201 8
6202 6
6203 7
6204 8
6205 11
6206 9
6207 12
6208 5
6209 7
6210 1
6211 11
6212 4
6213 5
6214 5
6215 5
6216 12
6217 4
6218 7
6219 4
6220 3
6221 5
6222 7
6223 3
6224 8
6225 4
6226 7
6227 3
6228 8
6229 7
6230 4
6231 6
6232 3
6233 4
6234 7
6235 10
6236 6
6237 7
6238 5
6239 10
6240 10
6241 8
6242 3
6243 8
6244 6
6245 3
6246 3
6247 6
6248 4
6249 11
6250 8
6251 8
6252 8
6253 8
6254 5
6255 5
6256 6
6257 2
6258 6
6259 8
6260 6
6261 10
6262 5
6263 13
6264 5
6265 9
6266 8
6267 6
6268 12
6269 6
6270 3
6271 11
6272 9
6273 1
6274 8
6275 6
6276 7
6277 5
6278 7
6279 6
6280 4
6281 3
6282 8
6283 5
6284 5
6285 7
6286 5
6287 7
6288 9
6289 6
6290 7
6291 1
6292 7
6293 5
6294 6
6295 4
6296 2
6297 5
6298 3
6299 5
6300 8
6301 4
6302 3
6303 4
6304 5
6305 11
6306 1
6307 6
6308 2
6309 4
6310 5
6311 5
6312 4
6313 3
6314 3
6315 3
6316 6
6317 1
6318 8
6319 2
6320 5
6321 4
6322 1
6323 5
6324 5
6325 4
6326 5
6327 4
6328 6
6329 7
6330 5
6331 4
6332 3
6333 3
6334 6
6335 7
6336 5
6337 10
6338 13
6339 6
6340 5
6341 4
6342 7
6343 7
6344 7
6345 11
6346 8
6347 6
6348 7
6349 6
6350 4
6351 5
6352 4
6353 3
6354 8
6355 8
6356 4
6357 13
6358 3
6359 1
6360 8
6361 5
6362 7
6363 8
6364 5
6365 7
6366 2
6367 3
6368 5
6369 5
6370 5
6371 3
6372 3
6373 7
6374 9
6375 2
6376 8
6377 4
6378 6
6379 5
6380 2
6381 7
6382 5
6383 3
6384 5
6385 3
6386 3
6387 3
6388 6
6389 1
6390 5
6391 6
6392 5
6393 5
6394 12
6395 7
6396 7
6397 2
6398 6
6399 9
6400 10
6401 7
6402 7
6403 8
6404 2
6405 5
6406 4
6407 10
6408 4
6409 4
6410 2
6411 6
6412 6
6413 6
6414 7
6415 4
6416 5
6417 4
6418 4
6419 3
6420 5
6421 6
6422 6
6423 7
6424 5
6425 3
6426 9
6427 11
6428 9
6429 3
6430 4
6431 7
6432 6
6433 5
6434 2
6435 2
6436 3
6437 1
6438 6
6439 2
6440 8
6441 4
6442 6
6443 2
6444 10
6445 2
6446 4
6447 10
6448 5
6449 6
6450 3
6451 5
6452 4
6453 6
6454 3
6455 4
6456 10
6457 3
6458 4
6459 2
6460 4
6461 6
6462 4
6463 3
6464 3
6465 4
6466 5
6467 4
6468 7
6469 3
6470 4
6471 8
6472 2
6473 3
6474 6
6475 5
6476 5
6477 5
6478 3
6479 5
6480 4
6481 4
6482 4
6483 8
6484 6
6485 2
6486 4
6487 7
6488 7
6489 8
6490 2
6491 9
6492 4
6493 6
6494 5
6495 3
6496 1
6497 6
6498 6
6499 6
6500 7
6501 3
6502 4
6503 8
6504 4
6505 3
6506 6
6507 2
6508 6
6509 4
6510 9
6511 7
6512 5
6513 6
6515 6
6516 3
6517 3
6518 3
6519 7
6520 3
6521 1
6522 2
6523 3
6524 5
6525 3
6526 5
6527 5
6528 3
6529 6
6530 5
6531 3
6532 6
6533 8
6534 4
6535 5
6536 2
6537 2
6538 5
6539 7
6541 2
6542 4
6543 2
6544 3
6545 8
6546 3
6547 2
6548 2
6549 8
6550 4
6551 3
6552 2
6553 6
6554 4
6555 5
6556 4
6557 6
6558 5
6559 4
6560 3
6561 2
6562 5
6563 10
6564 1
6565 5
6566 1
6567 5
6568 2
6569 3
6570 4
6571 3
6572 2
6573 6
6574 4
6575 5
6576 8
6577 2
6578 2
6579 5
6580 4
6581 2
6582 8
6583 9
6584 5
6585 9
6586 5
6587 5
6588 7
6589 5
6590 2
6591 8
6592 3
6593 7
6594 4
6595 4
6596 3
6597 2
6598 2
6599 7
6600 7
6601 4
6602 4
6603 1
6604 9
6605 6
6606 5
6607 9
6608 6
6609 3
6610 3
6611 4
6612 4
6613 6
6614 2
6615 4
6616 5
6617 11
6618 7
6619 2
6620 5
6621 10
6622 3
6623 6
6624 11
6625 8
6626 8
6627 8
6628 5
6629 5
6630 4
6631 4
6632 3
6633 7
6634 6
6635 7
6636 4
6637 4
6638 5
6639 4
6640 7
6641 5
6642 7
6643 1
6644 5
6645 1
6646 4
6647 1
6648 6
6649 5
6650 7
6651 5
6652 1
6653 2
6654 3
6655 5
6656 3
6657 3
6658 6
6659 4
6660 6
6661 4
6662 6
6663 2
6664 4
6665 7
6666 2
6667 4
6668 5
6669 3
6670 7
6671 5
6672 7
6673 4
6674 2
6675 5
6676 4
6677 8
6678 4
6679 3
6680 4
6681 4
6682 7
6683 8
6684 8
6685 5
6686 7
6687 5
6688 2
6689 9
6690 5
6691 5
6692 2
6693 4
6694 5
6695 3
6696 3
6697 6
6698 3
6699 4
6700 8
6701 5
6702 6
6703 5
6704 4
6705 10
6706 3
6707 2
6708 3
6709 5
6710 1
6711 4
6712 7
6713 2
6714 5
6715 3
6716 7
6717 3
6718 2
6719 3
6720 10
6721 9
6722 3
6723 8
6724 1
6725 4
6726 7
6727 2
6728 7
6729 4
6730 2
6731 5
6732 2
6733 1
6734 3
6735 5
6736 3
6737 2
6738 1
6739 3
6740 3
6741 1
6742 9
6743 2
6744 1
6745 2
6746 6
6747 2
6748 6
6749 8
6750 1
6751 8
6752 3
6753 2
6754 8
6755 1
6756 3
6757 8
6758 4
6759 2
6760 9
6761 9
6762 3
6763 8
6764 8
6765 5
6766 7
6767 2
6768 6
6769 2
6770 5
6771 5
6772 3
6773 4
6774 6
6775 7
6776 8
6777 3
6778 3
6779 10
6780 2
6781 4
6782 3
6783 5
6784 3
6785 9
6786 5
6787 2
6788 4
6789 2
6790 8
6791 3
6792 4
6793 3
6795 6
6796 3
6797 4
6798 6
6799 1
6800 5
6801 3
6802 4
6803 3
6804 8
6805 1
6806 7
6807 5
6808 2
6809 3
6810 6
6811 2
6812 3
6813 4
6814 5
6816 2
6817 7
6818 4
6819 3
6820 7
6821 7
6822 2
6823 5
6824 5
6825 4
6826 5
6827 4
6828 5
6829 3
6830 2
6831 1
6832 8
6833 2
6834 2
6835 1
6836 2
6837 7
6838 4
6839 3
6840 1
6841 6
6843 2
6844 2
6845 1
6846 5
6847 3
6848 2
6849 1
6850 4
6851 3
6852 1
6853 3
6854 4
6855 2
6856 1
6857 3
6858 1
6859 1
6860 5
6861 1
6862 3
6863 3
6864 3
6865 1
6866 1
6867 4
6868 3
6869 6
6870 3
6871 2
6872 6
6873 4
6874 5
6875 2
6876 2
6877 4
6878 7
6879 2
6880 1
6881 1
6883 4
6884 3
6885 5
6886 4
6887 3
6888 3
6889 2
6890 5
6891 1
6892 2
6893 3
6894 3
6895 4
6896 5
6897 2
6899 1
6900 1
6901 3
6902 5
6904 4
6905 4
6906 3
6907 2
6908 1
6909 1
6910 4
6911 2
6913 4
6914 3
6915 2
6916 1
6917 2
6918 3
6919 2
6920 3
6921 3
6922 3
6923 2
6924 2
6925 2
6926 1
6927 2
6928 2
6929 5
6930 1
6931 5
6932 3
6933 2
6934 4
6937 2
6938 3
6939 4
6940 3
6941 1
6942 2
6943 3
6944 3
6945 5
6946 2
6947 2
6948 4
6949 3
6950 4
6951 6
6952 6
6953 2
6954 3
6955 1
6956 6
6957 2
6958 3
6959 1
6960 4
6961 1
6962 4
6963 3
6964 3
6965 4
6966 5
6967 4
6968 1
6969 2
6970 3
6971 5
6972 2
6974 6
6975 2
6976 2
6977 5
6979 1
6980 3
6981 3
6982 1
6983 4
6984 2
6985 4
6986 3
6987 2
6988 4
6989 7
6990 5
6991 2
6992 1
6993 6
6994 3
6995 4
6996 5
6997 1
6998 2
6999 2
7000 3
7001 3
7002 3
7004 3
7005 5
7006 4
7007 1
7008 5
7009 3
7010 3
7011 1
7012 3
7013 3
7014 4
7015 2
7016 2
7017 2
7018 2
7019 4
7020 2
7021 2
7022 3
7023 2
7024 2
7025 2
7026 2
7028 5
7029 3
7030 2
7032 2
7033 1
7034 5
7036 4
7037 1
7038 5
7039 5
7042 6
7043 1
7044 2
7045 3
7046 4
7047 3
7048 5
7049 5
7051 5
7053 3
7054 6
7056 4
7057 5
7058 5
7059 3
7060 2
7061 1
7062 4
7063 2
7064 3
7065 4
7066 1
7067 8
7068 6
7069 4
7070 3
7071 4
7072 2
7073 5
7074 4
7075 5
7076 3
7077 5
7078 3
7079 5
7080 2
7081 4
7082 2
7083 5
7084 5
7085 1
7086 1
7087 8
7088 3
7089 4
7090 5
7091 5
7092 4
7093 9
7094 1
7095 6
7096 5
7097 2
7098 4
7099 2
7100 4
7101 3
7102 1
7103 1
7104 3
7106 3
7107 2
7108 2
7109 4
7110 3
7111 5
7112 2
7113 3
7114 5
7115 4
7116 2
7117 2
7118 3
7119 2
7120 5
7121 5
7122 5
7123 3
7124 2
7125 2
7126 4
7127 2
7128 4
7129 4
7130 2
7131 2
7132 3
7133 2
7134 6
7135 4
7136 2
7137 3
7138 2
7139 6
7140 2
7141 3
7142 5
7143 3
7144 5
7145 1
7146 4
7147 1
7148 3
7149 2
7150 3
7151 3
7152 2
7153 1
7154 1
7155 4
7156 2
7157 3
7158 3
7159 1
7160 1
7161 2
7162 4
7163 1
7164 4
7165 2
7166 2
7167 5
7168 1
7169 4
7170 3
7171 3
7172 2
7173 4
7174 3
7175 1
7176 3
7177 6
7178 3
7179 5
7180 4
7181 3
7182 1
7183 3
7184 5
7185 6
7186 3
7187 2
7188 4
7189 4
7190 3
7191 3
7192 6
7193 8
7194 2
7195 5
7196 2
7197 3
7198 3
7199 1
7200 2
7201 2
7202 1
7203 6
7204 2
7205 2
7207 7
7209 3
7210 3
7211 4
7212 2
7213 1
7214 3
7215 1
7216 3
7217 3
7218 5
7219 4
7220 7
7221 4
7222 2
7223 3
7224 6
7225 3
7226 5
7227 2
7228 4
7229 3
7230 4
7231 2
7232 4
7233 2
7234 1
7235 3
7236 5
7237 5
7238 3
7239 2
7240 1
7241 4
7242 6
7243 2
7244 6
7245 3
7246 3
7247 4
7248 3
7249 6
7250 4
7251 2
7252 3
7253 8
7254 2
7255 3
7256 3
7257 6
7258 2
7259 4
7260 2
7261 4
7262 5
7263 4
7264 1
7265 2
7266 4
7267 4
7268 7
7269 3
7270 5
7271 7
7272 2
7273 8
7274 1
7275 1
7276 5
7277 4
7278 8
7279 6
7280 2
7281 9
7282 7
7283 2
7284 7
7285 8
7286 7
7287 2
7288 4
7290 6
7291 6
7292 4
7293 6
7294 6
7295 4
7296 4
7297 5
7298 8
7299 4
7300 2
7301 4
7302 6
7303 2
7304 6
7305 5
7306 5
7307 2
7308 7
7309 2
7310 4
7311 5
7312 1
7313 5
7314 3
7315 4
7316 6
7317 4
7318 5
7319 1
7320 4
7321 3
7322 5
7323 4
7324 4
7325 7
7326 4
7327 4
7328 6
7329 4
7331 6
7332 2
7333 3
7334 4
7336 1
7337 3
7338 6
7340 1
7341 3
7342 4
7343 4
7344 3
7345 8
7346 2
7347 1
7348 4
7349 3
7350 1
7351 9
7352 8
7353 4
7354 2
7355 2
7356 2
7357 5
7358 4
7359 6
7360 5
7361 5
7362 1
7363 3
7364 3
7365 6
7366 7
7367 4
7368 3
7370 3
7371 4
7372 3
7373 2
7374 1
7375 4
7376 5
7377 1
7378 3
7379 2
7380 3
7381 4
7382 3
7383 1
7384 5
7385 3
7386 3
7387 3
7388 1
7389 5
7390 1
7391 3
7392 5
7393 2
7394 4
7395 1
7396 2
7397 4
7398 5
7399 7
7400 6
7401 1
7402 1
7403 2
7404 1
7405 2
7406 2
7407 4
7408 6
7409 6
7410 1
7411 1
7412 3
7413 3
7414 5
7415 2
7416 1
7417 4
7418 4
7419 4
7420 3
7421 3
7422 4
7423 1
7424 1
7425 4
7427 1
7428 4
7429 6
7431 3
7432 2
7433 3
7434 4
7435 8
7436 3
7437 2
7438 1
7439 5
7440 1
7441 5
7442 3
7443 2
7444 4
7445 5
7446 3
7447 3
7448 1
7449 3
7450 1
7451 5
7452 1
7454 6
7455 3
7456 2
7457 1
7458 3
7459 2
7460 7
7461 4
7462 2
7463 3
7464 2
7465 2
7466 1
7467 4
7468 2
7469 5
7470 3
7471 1
7472 4
7473 4
7474 2
7475 1
7476 3
7477 3
7478 2
7479 3
7480 1
7481 2
7482 6
7483 8
7484 7
7485 3
7486 2
7487 4
7488 6
7489 3
7490 1
7491 1
7492 5
7493 2
7494 5
7495 3
7496 2
7497 2
7498 3
7499 2
7500 3
7501 4
7502 4
7503 3
7504 1
7505 1
7506 3
7507 3
7508 6
7509 1
7510 2
7511 2
7512 3
7513 2
7514 1
7516 1
7517 2
7518 2
7519 1
7521 1
7522 6
7523 3
7524 4
7525 3
7526 4
7527 1
7528 3
7529 5
7530 4
7531 5
7532 1
7533 1
7534 2
7536 1
7538 2
7539 4
7540 3
7541 2
7542 4
7543 2
7544 1
7545 2
7546 4
7547 2
7548 2
7549 7
7550 3
7551 2
7552 3
7553 1
7554 4
7555 2
7556 1
7557 2
7559 1
7560 1
7562 3
7563 2
7564 4
7565 3
7566 5
7567 2
7569 8
7570 2
7571 3
7572 8
7573 4
7574 3
7575 4
7576 3
7577 3
7578 4
7579 2
7580 3
7581 3
7583 1
7584 1
7585 3
7586 2
7587 2
7588 3
7590 1
7591 2
7592 3
7593 4
7594 6
7595 5
7598 2
7599 2
7600 3
7601 2
7602 1
7603 7
7604 2
7605 3
7606 2
7607 3
7608 3
7609 3
7610 1
7611 3
7612 1
7613 1
7614 3
7615 2
7617 1
7618 2
7619 2
7620 2
7621 4
7622 2
7623 1
7624 3
7625 4
7627 2
7628 4
7629 5
7630 3
7631 2
7633 2
7634 6
7635 3
7636 2
7637 2
7638 7
7639 1
7640 1
7641 5
7642 3
7643 1
7644 3
7645 4
7646 3
7647 2
7648 2
7649 2
7650 5
7651 1
7652 8
7653 1
7654 2
7655 2
7656 3
7657 2
7658 3
7659 2
7660 4
7661 6
7662 3
7663 2
7664 2
7665 4
7666 1
7667 6
7668 1
7669 2
7670 2
7671 3
7672 5
7673 3
7674 5
7675 2
7676 2
7677 3
7678 1
7679 3
7680 8
7681 7
7682 2
7683 3
7684 6
7685 3
7686 3
7687 6
7688 6
7689 2
7690 4
7691 2
7692 7
7693 5
7694 1
7695 5
7696 7
7697 4
7698 4
7700 4
7701 1
7702 3
7703 5
7704 7
7705 3
7706 7
7707 4
7708 3
7709 5
7710 1
7711 4
7712 3
7713 4
7714 5
7715 6
7716 6
7717 3
7718 5
7719 9
7720 3
7721 4
7722 5
7723 6
7724 5
7725 2
7726 9
7727 7
7728 3
7729 7
7730 4
7731 3
7732 6
7733 3
7734 6
7735 4
7736 2
7737 7
7738 4
7739 6
7740 5
7741 4
7742 5
7743 4
7744 2
7745 7
7746 6
7747 3
7748 2
7749 4
7750 3
7751 2
7752 5
7753 6
7754 5
7755 5
7756 5
7757 3
7758 4
7759 5
7760 2
7761 6
7762 2
7763 1
7764 6
7765 1
7766 5
7767 1
7768 6
7769 5
7770 8
7771 4
7772 1
7773 3
7774 3
7775 2
7776 3
7777 3
7778 7
7779 2
7780 4
7781 2
7782 4
7783 3
7784 4
7785 2
7786 4
7787 3
7788 3
7789 2
7790 2
7791 3
7792 6
7793 4
7794 9
7795 3
7796 4
7797 3
7799 3
7800 4
7801 4
7802 4
7805 3
7806 2
7807 3
7808 6
7809 4
7810 2
7811 4
7812 1
7813 7
7814 4
7815 6
7816 3
7817 6
7818 2
7819 4
7820 4
7821 5
7822 4
7823 3
7824 2
7825 5
7826 4
7827 1
7828 6
7829 2
7830 5
7831 3
7832 5
7833 4
7834 3
7835 3
7836 1
7837 5
7838 7
7839 2
7840 1
7841 3
7842 3
7843 2
7844 1
7845 1
7846 4
7847 4
7848 2
7849 4
7850 2
7851 1
7852 3
7854 5
7855 5
7856 6
7857 3
7858 3
7859 2
7860 1
7861 4
7862 3
7863 2
7864 2
7865 4
7866 4
7868 4
7869 5
7870 2
7871 3
7872 1
7873 2
7874 5
7875 5
7876 8
7877 8
7878 5
7880 5
7881 5
7882 1
7883 4
7884 5
7885 3
7886 4
7887 2
7888 4
7889 7
7890 2
7891 5
7892 1
7893 3
7894 5
7895 6
7896 3
7897 4
7898 1
7899 7
7900 2
7901 4
7902 3
7903 4
7905 4
7906 2
7907 5
7908 3
7909 1
7910 5
7911 4
7912 5
7913 5
7914 1
7915 3
7916 1
7917 3
7918 1
7919 4
7920 2
7921 6
7922 6
7923 2
7924 4
7925 4
7926 6
7927 4
7928 2
7929 3
7930 5
7931 3
7932 6
7933 4
7934 5
7935 2
7936 6
7937 6
7938 3
7939 6
7940 3
7941 3
7942 3
7943 4
7944 2
7945 2
7946 3
7948 1
7949 7
7950 3
7951 4
7952 1
7953 4
7954 3
7956 2
7957 5
7958 6
7959 9
7960 5
7961 1
7962 5
7963 4
7964 1
7965 4
7966 5
7967 7
7968 5
7969 4
7970 2
7971 4
7972 5
7973 4
7974 5
7975 4
7976 2
7977 6
7978 5
7979 4
7980 3
7981 4
7982 5
7983 6
7984 5
7985 4
7986 2
7987 3
7988 2
7989 1
7990 3
7991 2
7992 6
7993 5
7994 3
7995 5
7996 2
7997 2
7998 3
7999 5
8000 5
8001 8
8002 4
8003 6
8004 5
8005 2
8006 3
8007 4
8008 4
8009 1
8010 6
8011 9
8012 4
8013 2
8014 1
8015 2
8016 6
8017 2
8018 3
8019 7
8020 3
8021 4
8022 3
8023 5
8024 3
8025 1
8026 5
8027 5
8028 1
8029 2
8030 2
8031 5
8032 3
8033 1
8034 2
8035 3
8036 7
8037 4
8038 6
8039 4
8040 6
8041 5
8042 3
8043 4
8044 5
8045 5
8047 6
8048 4
8049 3
8050 4
8052 3
8053 2
8054 6
8055 2
8056 2
8057 2
8058 3
8059 1
8060 6
8061 2
8062 2
8063 2
8064 8
8065 6
8066 6
8067 2
8068 1
8069 2
8070 5
8071 3
8072 2
8073 1
8074 2
8075 3
8076 1
8077 4
8078 2
8079 3
8080 3
8081 1
8082 2
8083 3
8084 3
8085 6
8086 3
8088 6
8089 6
8090 3
8091 3
8092 3
8093 4
8094 2
8095 1
8096 1
8097 6
8098 2
8099 4
8100 2
8101 7
8103 3
8104 3
8105 4
8106 5
8107 3
8108 3
8109 2
8111 5
8112 3
8113 2
8114 1
8115 5
8116 5
8117 1
8118 5
8120 3
8121 3
8122 2
8123 3
8124 1
8125 2
8126 4
8127 3
8128 6
8129 2
8130 2
8131 5
8132 3
8133 2
8135 5
8136 5
8137 3
8138 5
8139 3
8140 1
8141 3
8142 1
8143 2
8144 3
8145 6
8146 3
8147 3
8148 4
8149 4
8150 3
8151 1
8152 4
8153 4
8154 5
8155 2
8156 2
8157 1
8158 2
8159 2
8160 2
8161 1
8162 3
8163 2
8165 5
8166 4
8167 3
8168 2
8169 4
8170 1
8171 1
8172 3
8173 3
8174 3
8175 5
8176 2
8177 2
8178 1
8179 5
8180 1
8181 3
8182 3
8183 2
8184 1
8185 2
8187 2
8188 3
8189 5
8190 4
8192 2
8193 3
8194 3
8195 2
8196 2
8197 2
8198 4
8199 4
8200 2
8201 4
8202 2
8203 1
8204 1
8205 4
8207 6
8208 3
8209 3
8210 3
8211 1
8212 2
8214 2
8215 3
8216 1
8217 4
8218 2
8219 1
8220 1
8221 2
8222 3
8223 2
8224 1
8225 2
8226 1
8227 1
8228 2
8229 1
8231 2
8232 2
8233 1
8234 3
8235 5
8238 2
8240 2
8241 4
8242 3
8243 3
8244 3
8245 1
8246 6
8247 5
8248 1
8249 4
8251 4
8252 6
8253 4
8254 2
8255 1
8256 3
8257 4
8258 2
8259 2
8260 7
8261 3
8262 5
8263 1
8264 1
8265 3
8266 5
8268 2
8269 3
8270 5
8271 3
8272 4
8273 7
8274 1
8275 3
8276 2
8277 5
8278 3
8279 4
8280 3
8281 4
8282 1
8283 5
8284 3
8285 4
8286 4
8287 4
8288 2
8289 5
8290 2
8291 2
8292 4
8293 2
8294 3
8295 1
8296 2
8297 1
8298 4
8299 3
8300 1
8302 6
8303 2
8304 1
8305 2
8306 1
8307 2
8308 5
8309 5
8310 1
8311 4
8312 3
8313 2
8314 1
8315 2
8316 4
8317 3
8318 3
8319 2
8320 2
8321 1
8322 3
8323 2
8324 1
8325 3
8326 3
8327 3
8328 2
8329 3
8330 2
8331 4
8332 2
8333 3
8334 3
8335 2
8336 1
8337 9
8338 1
8339 2
8340 1
8341 5
8342 3
8343 3
8344 2
8345 2
8346 1
8347 3
8348 4
8349 1
8350 2
8351 6
8352 3
8353 2
8354 2
8355 1
8356 1
8357 1
8358 3
8359 5
8360 2
8361 3
8362 3
8363 2
8364 2
8365 4
8366 7
8367 3
8368 3
8369 2
8370 3
8371 4
8373 5
8375 3
8376 6
8377 3
8378 3
8379 2
8380 6
8381 3
8382 3
8383 5
8384 3
8385 4
8386 5
8387 4
8388 5
8389 2
8390 2
8391 2
8392 3
8393 2
8394 4
8395 6
8396 4
8397 2
8398 5
8399 4
8400 2
8401 2
8402 3
8403 4
8404 4
8405 2
8406 1
8407 1
8408 7
8409 3
8410 2
8411 6
8412 3
8413 4
8414 3
8415 4
8416 4
8417 3
8418 4
8419 1
8420 3
8421 5
8422 3
8423 2
8424 2
8425 2
8426 5
8427 2
8428 4
8429 2
8430 3
8431 1
8432 2
8433 4
8434 1
8435 4
8436 2
8438 5
8439 3
8440 4
8441 3
8442 2
8443 2
8444 3
8445 3
8446 4
8448 1
8449 3
8450 1
8451 2
8452 2
8453 3
8454 6
8455 1
8456 4
8457 3
8458 4
8459 7
8460 2
8461 1
8462 2
8464 2
8465 6
8466 3
8467 5
8468 4
8469 3
8470 6
8471 2
8472 3
8473 2
8474 2
8475 3
8476 3
8477 2
8478 3
8479 3
8480 5
8481 2
8482 2
8483 1
8484 4
8485 4
8486 3
8487 2
8488 6
8489 1
8490 3
8491 2
8493 2
8494 3
8495 3
8496 1
8497 6
8498 2
8499 1
8500 3
8501 2
8502 5
8503 6
8504 2
8505 4
8506 2
8507 3
8508 1
8509 2
8511 5
8512 1
8513 5
8514 1
8515 3
8516 2
8517 4
8518 2
8519 3
8520 3
8521 3
8522 3
8523 3
8524 1
8525 1
8526 2
8527 4
8528 3
8530 1
8531 3
8533 5
8534 3
8535 1
8536 2
8537 1
8539 2
8540 3
8541 5
8542 3
8543 4
8544 2
8545 3
8546 2
8547 2
8548 3
8549 3
8550 2
8551 2
8552 1
8553 3
8554 3
8555 2
8557 3
8558 3
8559 3
8560 1
8561 5
8562 3
8563 1
8564 3
8565 5
8567 3
8568 3
8569 4
8570 1
8571 3
8573 6
8574 2
8575 2
8576 1
8577 2
8578 1
8579 2
8580 3
8581 3
8582 2
8583 3
8584 4
8585 3
8586 4
8587 4
8588 3
8589 1
8590 2
8591 2
8592 3
8593 2
8594 2
8595 4
8596 4
8597 2
8598 2
8599 1
8600 2
8601 3
8602 3
8604 1
8606 2
8607 4
8608 2
8609 6
8610 2
8612 2
8613 2
8614 1
8615 5
8616 2
8617 1
8618 2
8619 2
8620 3
8621 2
8622 3
8623 1
8624 1
8625 2
8626 2
8627 6
8628 5
8629 3
8632 4
8633 4
8634 1
8636 3
8638 4
8639 3
8640 3
8641 2
8642 1
8643 2
8644 4
8645 1
8646 3
8647 4
8648 3
8649 1
8650 2
8651 2
8652 2
8653 2
8654 3
8655 6
8656 1
8657 3
8658 5
8659 6
8660 3
8661 3
8662 2
8663 4
8664 3
8665 1
8666 1
8667 5
8668 1
8669 2
8670 1
8671 1
8672 4
8673 5
8674 2
8675 2
8676 1
8677 2
8678 2
8679 3
8680 3
8681 2
8682 3
8683 3
8685 4
8686 4
8687 2
8688 1
8689 4
8690 3
8691 2
8692 2
8693 2
8694 1
8695 4
8697 2
8698 4
8699 1
8700 3
8701 3
8702 1
8703 2
8706 2
8708 1
8709 1
8710 2
8711 1
8712 2
8713 1
8714 2
8715 2
8716 1
8717 2
8719 1
8720 2
8721 4
8724 1
8725 5
8727 3
8729 2
8730 1
8731 4
8732 2
8733 1
8734 1
8735 1
8736 1
8738 1
8739 1
8740 1
8741 3
8742 4
8743 2
8744 3
8746 4
8747 3
8748 1
8749 1
8750 1
8751 4
8753 1
8754 5
8755 2
8756 5
8757 6
8758 4
8759 3
8760 1
8761 2
8762 1
8763 4
8764 3
8765 2
8766 1
8767 3
8768 5
8769 1
8770 1
8771 3
8772 1
8773 3
8774 2
8775 2
8777 3
8778 3
8779 1
8780 1
8781 1
8782 5
8783 2
8785 3
8786 3
8787 1
8791 3
8792 2
8794 3
8795 2
8796 1
8798 1
8800 2
8801 3
8802 1
8803 1
8804 1
8805 1
8806 3
8807 1
8808 1
8809 1
8810 1
8811 4
8812 1
8813 2
8814 1
8815 1
8816 3
8817 1
8818 3
8820 4
8821 1
8822 1
8823 2
8824 3
8830 1
8832 2
8834 1
8835 2
8836 2
8838 3
8839 1
8840 2
8841 2
8842 1
8845 2
8846 1
8847 3
8848 2
8850 1
8852 1
8855 2
8856 2
8858 3
8859 1
8860 1
8861 1
8862 2
8863 1
8864 3
8865 2
8866 1
8868 1
8870 2
8871 3
8872 1
8873 2
8874 1
8876 2
8877 2
8878 2
8879 3
8880 4
8882 2
8883 2
8884 1
8885 1
8886 3
8887 1
8888 3
8889 1
8895 1
8897 1
8898 1
8899 2
8901 1
8902 2
8903 1
8904 1
8905 2
8906 1
8907 2
8908 3
8910 2
8911 1
8913 1
8914 1
8915 5
8916 3
8917 1
8918 1
8919 1
8921 1
8922 1
8923 1
8925 1
8927 2
8929 2
8930 1
8931 3
8932 3
8933 2
8934 2
8935 2
8936 3
8940 3
8944 1
8947 1
8948 3
8949 4
8950 1
8951 2
8953 2
8954 2
8957 3
8958 2
8960 2
8961 1
8962 3
8964 2
8967 1
8968 2
8969 1
8970 2
8971 1
8972 3
8974 1
8975 1
8976 2
8977 1
8979 2
8981 1
8984 1
8985 2
8986 1
8988 1
8989 3
8991 2
8992 2
8993 2
8994 3
8995 1
8996 1
8997 2
8999 1
9001 1
9003 2
9004 2
9005 1
9006 2
9007 2
9008 3
9009 2
9011 1
9012 1
9013 1
9014 2
9015 3
9016 2
9020 2
9021 1
9022 2
9023 1
9024 1
9025 1
9028 2
9029 1
9031 2
9032 2
9033 1
9034 1
9035 1
9038 2
9039 1
9040 2
9043 1
9044 1
9045 1
9046 1
9047 3
9048 2
9049 1
9050 2
9051 1
9052 1
9055 1
9056 1
9057 2
9058 2
9059 2
9060 1
9061 1
9062 2
9065 1
9067 1
9069 2
9070 1
9071 1
9072 1
9075 1
9077 1
9078 1
9080 1
9081 1
9082 2
9083 1
9084 2
9085 3
9087 1
9088 1
9089 3
9090 2
9091 3
9095 1
9096 3
9097 1
9098 3
9099 1
9100 1
9101 4
9102 3
9103 1
9108 2
9109 2
9110 3
9111 3
9112 2
9113 4
9114 1
9116 2
9117 1
9118 2
9119 1
9123 1
9124 1
9126 3
9127 1
9128 1
9129 1
9131 3
9132 1
9135 2
9138 1
9140 1
9142 1
9143 3
9144 1
9145 1
9146 4
9147 1
9148 1
9151 1
9152 1
9153 2
9155 1
9157 1
9158 1
9162 3
9163 2
9167 2
9168 2
9170 1
9171 1
9172 1
9173 1
9174 2
9175 2
9178 1
9180 1
9181 1
9182 1
9183 1
9184 1
9187 2
9189 2
9191 1
9192 1
9193 1
9195 1
9196 2
9197 1
9198 1
9199 1
9201 2
9202 1
9203 2
9204 2
9205 1
9206 1
9207 2
9208 2
9209 2
9210 1
9211 1
9214 2
9215 1
9217 2
9219 3
9220 2
9222 1
9223 3
9225 1
9226 1
9231 1
9232 3
9234 2
9235 2
9236 3
9237 2
9239 1
9241 2
9243 1
9244 1
9245 1
9249 1
9250 2
9252 2
9253 1
9256 4
9257 3
9259 2
9261 1
9264 1
9265 1
9269 1
9270 2
9271 1
9272 1
9274 3
9277 1
9279 2
9280 1
9282 1
9283 1
9285 1
9286 1
9287 1
9288 2
9289 1
9291 2
9292 2
9293 2
9294 1
9295 1
9297 3
9298 3
9299 1
9300 2
9301 2
9302 2
9304 2
9305 1
9306 1
9307 1
9308 1
9309 1
9310 3
9311 1
9312 1
9314 2
9317 1
9318 1
9320 3
9321 1
9322 1
9323 1
9324 1
9326 5
9328 1
9330 2
9331 2
9332 1
9334 2
9336 2
9338 1
9339 1
9340 2
9341 1
9344 2
9345 1
9346 1
9351 1
9352 1
9354 2
9355 2
9356 1
9357 1
9358 1
9359 2
9360 1
9361 2
9365 1
9367 1
9368 1
9369 1
9371 2
9372 1
9373 2
9374 3
9375 1
9376 2
9377 1
9379 2
9385 2
9386 1
9387 1
9389 1
9390 2
9391 1
9392 1
9394 3
9395 1
9397 1
9400 1
9401 1
9402 1
9403 2
9404 1
9405 1
9406 2
9408 1
9410 2
9411 3
9413 2
9414 1
9416 2
9419 1
9427 1
9428 1
9429 2
9431 1
9433 1
9434 1
9437 1
9439 2
9441 1
9443 1
9445 2
9448 1
9452 2
9453 2
9454 1
9458 3
9460 2
9461 2
9462 1
9463 1
9465 2
9466 1
9471 1
9472 1
9473 1
9474 1
9478 1
9480 1
9484 2
9485 1
9486 2
9488 1
9489 1
9490 1
9491 1
9492 1
9494 2
9500 1
9501 1
9503 3
9507 2
9509 1
9511 1
9524 1
9526 1
9527 1
9530 2
9533 1
9537 2
9538 1
9540 1
9541 3
9544 1
9549 1
9550 1
9551 1
9552 1
9554 1
9557 1
9558 1
9561 1
9562 2
9563 1
9564 1
9567 1
9568 1
9570 1
9572 3
9575 1
9577 1
9579 2
9580 1
9581 1
9582 2
9589 2
9590 2
9597 1
9598 1
9601 1
9602 1
9603 1
9607 1
9611 1
9612 2
9615 1
9617 1
9622 3
9623 1
9626 1
9627 1
9634 1
9635 1
9636 1
9637 1
9641 1
9644 1
9645 2
9649 1
9654 2
9656 1
9657 1
9660 1
9662 1
9663 1
9666 2
9674 1
9678 1
9684 2
9685 1
9690 1
9695 1
9702 1
9704 1
9705 1
9715 1
9719 1
9720 1
9723 1
9724 1
9731 1
9732 1
9733 1
9741 1
9742 1
9747 2
9752 1
9754 1
9755 1
9759 1
9760 1
9761 1
9763 1
9764 1
9765 1
9768 1
9772 2
9774 1
9777 1
9785 1
9788 1
9791 1
9792 1
9806 1
9807 2
9809 1
9810 1
9811 1
9813 1
9819 2
9820 1
9822 1
9824 2
9825 1
9830 1
9833 2
9837 1
9838 2
9846 1
9847 2
9849 2
9850 2
9857 1
9858 1
9859 1
9866 1
9869 1
9871 1
9873 2
9878 1
9885 1
9887 1
9891 1
9892 1
9894 1
9903 1
9909 1
9916 1
9919 1
9921 1
9922 1
9924 1
9925 1
9926 1
9931 1
9941 1
9942 1
9949 1
9952 1
9953 1
9956 1
9960 2
9962 1
9967 1
9974 1
9975 1
9989 1
9990 1
9995 1
10001 1913
