1 742710850
2 402428465
3 20191446
4 18551335
5 19208711
6 24771581
7 30997040
8 37139489
9 42177586
10 45583031
11 47201773
12 46966231
13 45208612
14 42397635
15 39020143
16 35454341
17 32087077
18 29152281
19 26744315
20 24827182
21 23321211
22 22130430
23 21189018
24 20387552
25 19622001
26 18907215
27 18156480
28 17421435
29 16676813
30 15934151
31 15213113
32 14558955
33 13947956
34 13414903
35 12932004
36 12496557
37 12120130
38 11782173
39 11482856
40 11202264
41 10936777
42 10672141
43 10400642
44 10133030
45 9833892
46 9534133
47 9213381
48 8872454
49 8506932
50 8128761
51 7749145
52 7342612
53 6917484
54 6504738
55 6091807
56 5673786
57 5265849
58 4865669
59 4479932
60 4113279
61 3761929
62 3432227
63 3118261
64 2834327
65 2570458
66 2335408
67 2116097
68 1915697
69 1739919
70 1586692
71 1447445
72 1326864
73 1223115
74 1128304
75 1044183
76 976344
77 914000
78 859740
79 810185
80 770222
81 732313
82 700162
83 669333
84 642851
85 621158
86 597376
87 580446
88 561302
89 543431
90 528688
91 512530
92 497985
93 482333
94 469748
95 456435
96 444375
97 431632
98 420697
99 410429
100 398074
101 388420
102 377411
103 368909
104 359415
105 348737
106 338816
107 330586
108 322310
109 313206
110 305851
111 297720
112 288994
113 280554
114 273481
115 266544
116 260334
117 253414
118 247499
119 241186
120 235079
121 229945
122 223599
123 218765
124 212804
125 207820
126 202915
127 198877
128 194435
129 190592
130 185998
131 181665
132 178179
133 175481
134 171193
135 168295
136 163980
137 161390
138 159494
139 156109
140 152526
141 149626
142 147285
143 144116
144 142345
145 139380
146 137569
147 135243
148 132333
149 130058
150 127854
151 125613
152 123118
153 121550
154 119486
155 117554
156 116470
157 114080
158 112233
159 111018
160 108454
161 106949
162 104483
163 103764
164 101768
165 101074
166 99157
167 97594
168 96161
169 94453
170 92776
171 91635
172 90998
173 89378
174 87623
175 86173
176 84668
177 83292
178 82440
179 80918
180 80018
181 78677
182 77988
183 76639
184 75866
185 74653
186 73432
187 72067
188 71376
189 70946
190 69661
191 68695
192 67380
193 67164
194 65985
195 65231
196 64623
197 63914
198 62715
199 61789
200 61238
201 60441
202 59906
203 59246
204 58539
205 57378
206 56845
207 56077
208 54900
209 54729
210 54156
211 53470
212 53005
213 52103
214 51973
215 51307
216 51003
217 50354
218 49403
219 49081
220 48137
221 47719
222 47281
223 46235
224 45939
225 45603
226 45057
227 44285
228 43959
229 43019
230 42797
231 42299
232 42135
233 41697
234 41072
235 40675
236 39996
237 39797
238 39244
239 39083
240 38810
241 38130
242 37993
243 37219
244 37110
245 36754
246 36356
247 35930
248 35316
249 35310
250 35218
251 34738
252 34485
253 33728
254 33439
255 33344
256 32863
257 32753
258 32134
259 32278
260 31690
261 31752
262 31244
263 30892
264 30709
265 30077
266 30139
267 29670
268 29418
269 28882
270 28659
271 28882
272 28769
273 28246
274 28177
275 27627
276 27535
277 27276
278 26546
279 26708
280 26468
281 26279
282 26011
283 25714
284 25827
285 25630
286 25057
287 24810
288 25344
289 24761
290 24485
291 24208
292 24006
293 24103
294 23546
295 23712
296 22878
297 23161
298 23134
299 22498
300 22446
301 22356
302 22201
303 22039
304 21900
305 21563
306 21362
307 21198
308 21087
309 20756
310 20744
311 20671
312 20321
313 20357
314 20251
315 19905
316 19878
317 19742
318 19802
319 19616
320 19427
321 19178
322 19133
323 19012
324 18925
325 18790
326 18648
327 18305
328 18279
329 18270
330 18131
331 17683
332 17708
333 17407
334 17286
335 17470
336 17347
337 17081
338 16884
339 16911
340 16945
341 16718
342 16603
343 16249
344 16316
345 16338
346 16222
347 15939
348 16121
349 16035
350 15676
351 15732
352 15604
353 15429
354 15507
355 15367
356 15369
357 14946
358 15096
359 15260
360 14882
361 14639
362 14449
363 14602
364 14737
365 14517
366 14269
367 14207
368 14155
369 13795
370 14015
371 13826
372 13596
373 13716
374 13559
375 13596
376 13448
377 13422
378 13452
379 13375
380 13170
381 13379
382 13175
383 13041
384 12998
385 12846
386 12672
387 12716
388 12738
389 12569
390 12717
391 12289
392 12539
393 12266
394 12169
395 12079
396 12217
397 12189
398 11805
399 12074
400 11674
401 11746
402 11753
403 11760
404 11550
405 11547
406 11404
407 11571
408 11557
409 11507
410 11271
411 11229
412 11170
413 11084
414 11101
415 11005
416 11036
417 10934
418 11031
419 10804
420 11100
421 10623
422 10687
423 10685
424 10653
425 10644
426 10633
427 10499
428 10534
429 10376
430 10289
431 10277
432 9997
433 10227
434 10044
435 10051
436 10026
437 9764
438 9888
439 9602
440 9865
441 9807
442 9714
443 9650
444 9448
445 9681
446 9544
447 9396
448 9831
449 9476
450 9460
451 9412
452 9425
453 9382
454 9099
455 9376
456 9320
457 9079
458 9189
459 9202
460 9058
461 9150
462 9216
463 9010
464 9017
465 9012
466 9059
467 8961
468 8762
469 9027
470 8685
471 8777
472 8768
473 8826
474 8815
475 8851
476 8906
477 8660
478 8612
479 8419
480 8581
481 8602
482 8280
483 8429
484 8394
485 8509
486 8370
487 8349
488 8429
489 8249
490 8387
491 8405
492 8152
493 8358
494 8097
495 8239
496 8090
497 8411
498 8037
499 8094
500 8176
501 7888
502 7943
503 7929
504 7938
505 7781
506 7885
507 7821
508 7936
509 7922
510 7911
511 7762
512 7812
513 7816
514 7701
515 7531
516 7659
517 7459
518 7509
519 7531
520 7512
521 7476
522 7568
523 7621
524 7478
525 7399
526 7423
527 7469
528 7663
529 7363
530 7310
531 7365
532 7377
533 7339
534 7173
535 7315
536 7227
537 7301
538 7228
539 7014
540 7237
541 7084
542 7159
543 6920
544 7160
545 6972
546 6923
547 6981
548 7050
549 7084
550 7072
551 6850
552 6907
553 6970
554 6872
555 6788
556 6807
557 6823
558 6757
559 6661
560 6660
561 6793
562 6697
563 6749
564 6654
565 6530
566 6679
567 6532
568 6511
569 6473
570 6610
571 6412
572 6381
573 6451
574 6538
575 6251
576 6198
577 6288
578 6319
579 6244
580 6126
581 6110
582 6108
583 6169
584 6068
585 6084
586 6002
587 6020
588 6118
589 6046
590 5844
591 5904
592 5927
593 5896
594 5818
595 5750
596 5788
597 5657
598 5777
599 5672
600 5584
601 5723
602 5673
603 5703
604 5552
605 5529
606 5540
607 5541
608 5509
609 5585
610 5549
611 5535
612 5430
613 5430
614 5198
615 5403
616 5272
617 5288
618 5283
619 5117
620 5165
621 5219
622 5032
623 5086
624 5149
625 5204
626 5146
627 5135
628 5075
629 4953
630 4971
631 5086
632 5030
633 4908
634 4923
635 4892
636 4810
637 4890
638 4932
639 4944
640 4785
641 4922
642 4788
643 4671
644 4731
645 4624
646 4685
647 4750
648 4652
649 4622
650 4648
651 4540
652 4579
653 4720
654 4609
655 4485
656 4506
657 4468
658 4359
659 4490
660 4499
661 4458
662 4504
663 4426
664 4361
665 4301
666 4259
667 4294
668 4237
669 4307
670 4227
671 4144
672 4080
673 4078
674 4192
675 4142
676 4099
677 3967
678 4096
679 4034
680 4038
681 4026
682 4108
683 4070
684 4124
685 3902
686 3870
687 3914
688 3833
689 3796
690 3877
691 3944
692 3947
693 3924
694 3790
695 3856
696 3831
697 3840
698 3804
699 3725
700 3651
701 3675
702 3659
703 3730
704 3696
705 3767
706 3649
707 3674
708 3588
709 3656
710 3605
711 3487
712 3512
713 3431
714 3412
715 3445
716 3515
717 3449
718 3531
719 3488
720 3583
721 3508
722 3506
723 3513
724 3424
725 3390
726 3296
727 3376
728 3423
729 3422
730 3311
731 3277
732 3292
733 3283
734 3167
735 3234
736 3269
737 3308
738 3248
739 3345
740 3324
741 3167
742 3278
743 3159
744 3204
745 3093
746 3111
747 3216
748 3040
749 3124
750 3093
751 3029
752 3053
753 3014
754 3106
755 3054
756 3009
757 3030
758 3067
759 2957
760 2917
761 2949
762 2910
763 2924
764 2997
765 2880
766 2956
767 2985
768 2847
769 2921
770 3016
771 2898
772 2958
773 2929
774 2914
775 2848
776 2825
777 2858
778 2783
779 2874
780 2871
781 2797
782 2837
783 2812
784 2733
785 2699
786 2793
787 2690
788 2737
789 2739
790 2758
791 2780
792 2797
793 2739
794 2694
795 2756
796 2669
797 2696
798 2643
799 2653
800 2734
801 2666
802 2709
803 2650
804 2589
805 2633
806 2511
807 2601
808 2596
809 2582
810 2517
811 2619
812 2498
813 2452
814 2439
815 2475
816 2408
817 2465
818 2424
819 2480
820 2502
821 2489
822 2409
823 2511
824 2548
825 2412
826 2470
827 2349
828 2318
829 2336
830 2304
831 2411
832 2403
833 2360
834 2378
835 2302
836 2348
837 2242
838 2363
839 2314
840 2309
841 2263
842 2257
843 2349
844 2255
845 2243
846 2265
847 2238
848 2337
849 2342
850 2296
851 2263
852 2155
853 2244
854 2121
855 2162
856 2189
857 2194
858 2136
859 2174
860 2138
861 2152
862 2142
863 2178
864 2131
865 2097
866 2107
867 2162
868 2068
869 2097
870 2164
871 2100
872 2028
873 2069
874 2041
875 2001
876 1993
877 1966
878 2084
879 2010
880 1963
881 1979
882 1984
883 1979
884 2112
885 1995
886 2032
887 1879
888 2013
889 1906
890 1975
891 2016
892 1937
893 1890
894 1991
895 1973
896 1892
897 1844
898 1945
899 1931
900 1929
901 1836
902 1948
903 1823
904 1889
905 1912
906 1802
907 1794
908 1843
909 1860
910 1860
911 1830
912 1850
913 1816
914 1829
915 1758
916 1832
917 1792
918 1770
919 1868
920 1764
921 1807
922 1757
923 1742
924 1829
925 1832
926 1810
927 1763
928 1784
929 1770
930 1799
931 1796
932 1748
933 1721
934 1778
935 1757
936 1731
937 1810
938 1733
939 1770
940 1703
941 1687
942 1721
943 1790
944 1635
945 1707
946 1687
947 1669
948 1681
949 1657
950 1741
951 1769
952 1696
953 1681
954 1610
955 1640
956 1666
957 1710
958 1646
959 1635
960 1604
961 1691
962 1709
963 1644
964 1651
965 1635
966 1586
967 1540
968 1615
969 1628
970 1578
971 1615
972 1509
973 1579
974 1544
975 1544
976 1620
977 1522
978 1543
979 1597
980 1514
981 1476
982 1515
983 1525
984 1587
985 1482
986 1528
987 1497
988 1481
989 1504
990 1442
991 1545
992 1505
993 1483
994 1475
995 1494
996 1453
997 1443
998 1490
999 1442
1000 1436
1001 1494
1002 1504
1003 1496
1004 1443
1005 1441
1006 1422
1007 1415
1008 1467
1009 1437
1010 1518
1011 1437
1012 1435
1013 1438
1014 1418
1015 1385
1016 1430
1017 1444
1018 1403
1019 1474
1020 1407
1021 1469
1022 1408
1023 1417
1024 1391
1025 1394
1026 1442
1027 1379
1028 1335
1029 1369
1030 1430
1031 1407
1032 1347
1033 1371
1034 1458
1035 1387
1036 1367
1037 1324
1038 1290
1039 1352
1040 1353
1041 1329
1042 1357
1043 1389
1044 1308
1045 1400
1046 1368
1047 1386
1048 1340
1049 1356
1050 1320
1051 1333
1052 1319
1053 1301
1054 1343
1055 1380
1056 1257
1057 1391
1058 1264
1059 1308
1060 1350
1061 1294
1062 1273
1063 1278
1064 1206
1065 1300
1066 1272
1067 1286
1068 1303
1069 1248
1070 1287
1071 1250
1072 1261
1073 1280
1074 1282
1075 1258
1076 1247
1077 1226
1078 1287
1079 1197
1080 1254
1081 1247
1082 1280
1083 1202
1084 1202
1085 1273
1086 1228
1087 1255
1088 1268
1089 1150
1090 1228
1091 1229
1092 1215
1093 1208
1094 1210
1095 1223
1096 1245
1097 1207
1098 1216
1099 1160
1100 1193
1101 1183
1102 1189
1103 1224
1104 1170
1105 1259
1106 1176
1107 1182
1108 1163
1109 1174
1110 1126
1111 1229
1112 1220
1113 1207
1114 1177
1115 1139
1116 1119
1117 1147
1118 1176
1119 1177
1120 1106
1121 1145
1122 1105
1123 1169
1124 1196
1125 1075
1126 1109
1127 1130
1128 1166
1129 1144
1130 1069
1131 1167
1132 1094
1133 1110
1134 1122
1135 1097
1136 1125
1137 1099
1138 1165
1139 1071
1140 1065
1141 1164
1142 1113
1143 1107
1144 1132
1145 1128
1146 1114
1147 1092
1148 1091
1149 1106
1150 1103
1151 1114
1152 1084
1153 1124
1154 1088
1155 1056
1156 1096
1157 1058
1158 1042
1159 1058
1160 1082
1161 1053
1162 1109
1163 1058
1164 1025
1165 1025
1166 1022
1167 1055
1168 1108
1169 1050
1170 1052
1171 1082
1172 1072
1173 974
1174 1032
1175 1074
1176 1030
1177 1020
1178 987
1179 1122
1180 1092
1181 1049
1182 1072
1183 1021
1184 1025
1185 1030
1186 983
1187 1054
1188 1036
1189 1023
1190 1025
1191 974
1192 977
1193 967
1194 1028
1195 1042
1196 1008
1197 950
1198 980
1199 1041
1200 1042
1201 1102
1202 986
1203 918
1204 963
1205 975
1206 972
1207 1001
1208 999
1209 980
1210 1030
1211 965
1212 958
1213 960
1214 1006
1215 1032
1216 973
1217 997
1218 976
1219 1004
1220 943
1221 1006
1222 977
1223 921
1224 921
1225 983
1226 952
1227 987
1228 975
1229 971
1230 927
1231 930
1232 963
1233 941
1234 933
1235 885
1236 886
1237 946
1238 916
1239 909
1240 988
1241 927
1242 921
1243 920
1244 883
1245 908
1246 900
1247 890
1248 904
1249 910
1250 936
1251 953
1252 902
1253 938
1254 923
1255 888
1256 858
1257 865
1258 937
1259 864
1260 906
1261 935
1262 867
1263 860
1264 880
1265 878
1266 838
1267 920
1268 930
1269 859
1270 858
1271 896
1272 866
1273 894
1274 865
1275 837
1276 900
1277 874
1278 932
1279 851
1280 866
1281 893
1282 858
1283 864
1284 854
1285 851
1286 878
1287 841
1288 817
1289 815
1290 871
1291 851
1292 814
1293 805
1294 858
1295 775
1296 855
1297 839
1298 852
1299 847
1300 811
1301 781
1302 841
1303 824
1304 836
1305 828
1306 760
1307 817
1308 824
1309 760
1310 832
1311 791
1312 835
1313 826
1314 814
1315 775
1316 805
1317 780
1318 775
1319 804
1320 800
1321 790
1322 795
1323 770
1324 777
1325 751
1326 723
1327 802
1328 802
1329 753
1330 820
1331 820
1332 798
1333 785
1334 821
1335 824
1336 802
1337 793
1338 799
1339 771
1340 777
1341 828
1342 775
1343 740
1344 776
1345 787
1346 745
1347 747
1348 764
1349 805
1350 782
1351 757
1352 780
1353 781
1354 779
1355 780
1356 762
1357 768
1358 755
1359 772
1360 760
1361 800
1362 796
1363 800
1364 738
1365 791
1366 768
1367 744
1368 743
1369 720
1370 732
1371 751
1372 729
1373 770
1374 761
1375 753
1376 726
1377 744
1378 728
1379 718
1380 806
1381 732
1382 749
1383 731
1384 712
1385 742
1386 714
1387 717
1388 782
1389 786
1390 747
1391 716
1392 666
1393 703
1394 701
1395 677
1396 669
1397 706
1398 704
1399 670
1400 728
1401 698
1402 752
1403 697
1404 732
1405 724
1406 663
1407 715
1408 707
1409 712
1410 733
1411 685
1412 660
1413 707
1414 690
1415 724
1416 672
1417 674
1418 666
1419 708
1420 666
1421 673
1422 692
1423 707
1424 646
1425 683
1426 668
1427 621
1428 666
1429 653
1430 645
1431 688
1432 658
1433 640
1434 675
1435 671
1436 655
1437 633
1438 672
1439 618
1440 634
1441 624
1442 647
1443 628
1444 647
1445 612
1446 662
1447 636
1448 699
1449 654
1450 625
1451 645
1452 659
1453 660
1454 676
1455 639
1456 571
1457 634
1458 660
1459 649
1460 609
1461 665
1462 604
1463 628
1464 688
1465 629
1466 629
1467 662
1468 613
1469 646
1470 588
1471 565
1472 657
1473 624
1474 603
1475 616
1476 604
1477 652
1478 636
1479 650
1480 650
1481 618
1482 634
1483 632
1484 661
1485 608
1486 636
1487 590
1488 624
1489 603
1490 590
1491 598
1492 584
1493 600
1494 622
1495 646
1496 587
1497 588
1498 626
1499 629
1500 614
1501 654
1502 618
1503 640
1504 639
1505 617
1506 581
1507 573
1508 628
1509 576
1510 618
1511 623
1512 561
1513 599
1514 622
1515 601
1516 624
1517 579
1518 621
1519 586
1520 588
1521 557
1522 622
1523 610
1524 582
1525 609
1526 561
1527 604
1528 567
1529 610
1530 560
1531 539
1532 555
1533 558
1534 573
1535 597
1536 592
1537 623
1538 573
1539 621
1540 573
1541 583
1542 573
1543 580
1544 570
1545 574
1546 551
1547 616
1548 568
1549 619
1550 623
1551 569
1552 560
1553 561
1554 593
1555 539
1556 543
1557 599
1558 525
1559 566
1560 570
1561 562
1562 582
1563 517
1564 559
1565 548
1566 589
1567 545
1568 573
1569 573
1570 557
1571 509
1572 547
1573 586
1574 524
1575 547
1576 560
1577 583
1578 545
1579 563
1580 556
1581 584
1582 528
1583 559
1584 576
1585 562
1586 491
1587 521
1588 531
1589 558
1590 542
1591 530
1592 557
1593 530
1594 495
1595 521
1596 506
1597 556
1598 511
1599 491
1600 571
1601 504
1602 506
1603 508
1604 570
1605 549
1606 518
1607 546
1608 545
1609 499
1610 512
1611 563
1612 485
1613 558
1614 465
1615 533
1616 513
1617 490
1618 521
1619 536
1620 557
1621 480
1622 509
1623 524
1624 481
1625 523
1626 554
1627 521
1628 554
1629 530
1630 518
1631 531
1632 499
1633 515
1634 487
1635 482
1636 514
1637 501
1638 557
1639 525
1640 523
1641 521
1642 537
1643 535
1644 506
1645 503
1646 470
1647 500
1648 500
1649 500
1650 512
1651 517
1652 506
1653 507
1654 511
1655 451
1656 497
1657 473
1658 487
1659 517
1660 493
1661 470
1662 452
1663 508
1664 485
1665 497
1666 477
1667 497
1668 479
1669 504
1670 471
1671 494
1672 488
1673 491
1674 471
1675 436
1676 502
1677 491
1678 485
1679 454
1680 486
1681 479
1682 468
1683 479
1684 493
1685 480
1686 470
1687 456
1688 460
1689 448
1690 519
1691 473
1692 510
1693 495
1694 465
1695 449
1696 476
1697 501
1698 467
1699 453
1700 485
1701 471
1702 452
1703 459
1704 470
1705 446
1706 442
1707 478
1708 417
1709 463
1710 472
1711 449
1712 449
1713 456
1714 465
1715 475
1716 464
1717 481
1718 475
1719 422
1720 436
1721 493
1722 469
1723 431
1724 461
1725 471
1726 445
1727 429
1728 427
1729 474
1730 435
1731 462
1732 435
1733 461
1734 474
1735 444
1736 460
1737 433
1738 440
1739 424
1740 433
1741 425
1742 423
1743 429
1744 462
1745 453
1746 413
1747 424
1748 441
1749 443
1750 425
1751 412
1752 435
1753 434
1754 430
1755 413
1756 420
1757 377
1758 414
1759 451
1760 444
1761 438
1762 445
1763 450
1764 420
1765 426
1766 425
1767 415
1768 430
1769 438
1770 416
1771 432
1772 417
1773 420
1774 433
1775 437
1776 409
1777 428
1778 412
1779 427
1780 434
1781 458
1782 405
1783 423
1784 400
1785 421
1786 401
1787 361
1788 429
1789 409
1790 435
1791 454
1792 376
1793 429
1794 401
1795 442
1796 365
1797 429
1798 431
1799 376
1800 410
1801 405
1802 445
1803 409
1804 450
1805 459
1806 433
1807 416
1808 383
1809 399
1810 390
1811 403
1812 424
1813 401
1814 397
1815 406
1816 452
1817 371
1818 399
1819 407
1820 384
1821 381
1822 409
1823 402
1824 374
1825 395
1826 400
1827 400
1828 377
1829 446
1830 415
1831 372
1832 410
1833 390
1834 377
1835 418
1836 398
1837 402
1838 414
1839 396
1840 391
1841 433
1842 381
1843 394
1844 396
1845 427
1846 395
1847 430
1848 431
1849 432
1850 398
1851 398
1852 413
1853 390
1854 384
1855 389
1856 403
1857 412
1858 389
1859 411
1860 391
1861 394
1862 430
1863 381
1864 419
1865 421
1866 405
1867 379
1868 384
1869 386
1870 385
1871 347
1872 387
1873 380
1874 374
1875 376
1876 407
1877 396
1878 368
1879 380
1880 404
1881 424
1882 372
1883 351
1884 385
1885 416
1886 365
1887 363
1888 421
1889 364
1890 368
1891 371
1892 377
1893 352
1894 378
1895 400
1896 394
1897 350
1898 377
1899 415
1900 384
1901 351
1902 378
1903 436
1904 374
1905 380
1906 387
1907 367
1908 387
1909 355
1910 366
1911 389
1912 389
1913 360
1914 383
1915 387
1916 344
1917 386
1918 343
1919 365
1920 377
1921 387
1922 362
1923 406
1924 369
1925 362
1926 367
1927 359
1928 363
1929 376
1930 375
1931 384
1932 358
1933 378
1934 374
1935 341
1936 419
1937 377
1938 383
1939 420
1940 365
1941 359
1942 350
1943 360
1944 378
1945 383
1946 366
1947 341
1948 352
1949 393
1950 361
1951 340
1952 349
1953 385
1954 338
1955 381
1956 349
1957 377
1958 347
1959 335
1960 352
1961 380
1962 370
1963 349
1964 368
1965 374
1966 355
1967 351
1968 377
1969 352
1970 387
1971 383
1972 338
1973 373
1974 365
1975 370
1976 340
1977 373
1978 363
1979 370
1980 344
1981 368
1982 310
1983 351
1984 378
1985 319
1986 340
1987 333
1988 331
1989 339
1990 342
1991 344
1992 335
1993 347
1994 331
1995 348
1996 356
1997 376
1998 326
1999 339
2000 350
2001 336
2002 362
2003 373
2004 365
2005 353
2006 315
2007 339
2008 349
2009 329
2010 346
2011 342
2012 280
2013 380
2014 334
2015 327
2016 355
2017 329
2018 327
2019 352
2020 343
2021 361
2022 320
2023 318
2024 326
2025 355
2026 329
2027 346
2028 338
2029 321
2030 310
2031 352
2032 354
2033 348
2034 359
2035 368
2036 332
2037 351
2038 316
2039 309
2040 361
2041 329
2042 340
2043 335
2044 333
2045 330
2046 336
2047 334
2048 319
2049 315
2050 350
2051 322
2052 350
2053 331
2054 320
2055 346
2056 310
2057 308
2058 366
2059 373
2060 339
2061 348
2062 379
2063 303
2064 314
2065 312
2066 328
2067 328
2068 327
2069 338
2070 334
2071 317
2072 328
2073 351
2074 343
2075 316
2076 303
2077 279
2078 322
2079 362
2080 307
2081 339
2082 315
2083 324
2084 326
2085 319
2086 337
2087 307
2088 314
2089 317
2090 327
2091 331
2092 339
2093 314
2094 334
2095 343
2096 342
2097 318
2098 302
2099 286
2100 298
2101 301
2102 289
2103 336
2104 321
2105 302
2106 294
2107 287
2108 296
2109 304
2110 314
2111 347
2112 322
2113 350
2114 317
2115 291
2116 318
2117 312
2118 317
2119 309
2120 335
2121 312
2122 311
2123 349
2124 267
2125 302
2126 319
2127 305
2128 321
2129 317
2130 284
2131 328
2132 286
2133 299
2134 311
2135 303
2136 300
2137 278
2138 279
2139 296
2140 311
2141 299
2142 274
2143 278
2144 326
2145 334
2146 326
2147 304
2148 296
2149 315
2150 262
2151 310
2152 303
2153 273
2154 308
2155 324
2156 292
2157 330
2158 279
2159 317
2160 319
2161 287
2162 291
2163 291
2164 287
2165 266
2166 291
2167 325
2168 288
2169 301
2170 342
2171 302
2172 283
2173 287
2174 301
2175 262
2176 314
2177 295
2178 292
2179 276
2180 298
2181 285
2182 300
2183 290
2184 292
2185 275
2186 247
2187 327
2188 282
2189 277
2190 272
2191 290
2192 274
2193 296
2194 292
2195 307
2196 295
2197 304
2198 285
2199 280
2200 283
2201 266
2202 318
2203 292
2204 301
2205 267
2206 270
2207 266
2208 280
2209 288
2210 297
2211 275
2212 273
2213 271
2214 266
2215 274
2216 284
2217 267
2218 270
2219 279
2220 315
2221 291
2222 268
2223 278
2224 283
2225 276
2226 284
2227 309
2228 256
2229 291
2230 286
2231 272
2232 282
2233 298
2234 270
2235 307
2236 266
2237 255
2238 269
2239 256
2240 265
2241 294
2242 289
2243 297
2244 256
2245 262
2246 271
2247 291
2248 283
2249 267
2250 273
2251 277
2252 297
2253 294
2254 250
2255 261
2256 286
2257 298
2258 269
2259 264
2260 256
2261 259
2262 250
2263 253
2264 250
2265 241
2266 241
2267 266
2268 250
2269 266
2270 247
2271 245
2272 260
2273 276
2274 279
2275 246
2276 259
2277 268
2278 248
2279 279
2280 232
2281 238
2282 241
2283 260
2284 227
2285 254
2286 223
2287 246
2288 256
2289 294
2290 249
2291 232
2292 274
2293 273
2294 303
2295 266
2296 232
2297 279
2298 261
2299 261
2300 268
2301 281
2302 220
2303 290
2304 261
2305 277
2306 271
2307 264
2308 255
2309 258
2310 255
2311 252
2312 256
2313 256
2314 249
2315 245
2316 246
2317 263
2318 264
2319 259
2320 244
2321 251
2322 242
2323 256
2324 264
2325 231
2326 237
2327 281
2328 274
2329 221
2330 239
2331 204
2332 265
2333 254
2334 252
2335 247
2336 229
2337 230
2338 226
2339 248
2340 252
2341 236
2342 241
2343 250
2344 281
2345 226
2346 250
2347 238
2348 233
2349 236
2350 237
2351 253
2352 228
2353 244
2354 250
2355 265
2356 254
2357 228
2358 231
2359 226
2360 222
2361 251
2362 248
2363 263
2364 245
2365 244
2366 241
2367 260
2368 249
2369 212
2370 232
2371 279
2372 263
2373 280
2374 231
2375 247
2376 241
2377 259
2378 243
2379 233
2380 244
2381 237
2382 246
2383 274
2384 255
2385 260
2386 255
2387 250
2388 240
2389 255
2390 257
2391 275
2392 272
2393 231
2394 244
2395 250
2396 266
2397 269
2398 226
2399 264
2400 278
2401 246
2402 236
2403 232
2404 222
2405 231
2406 242
2407 231
2408 220
2409 237
2410 252
2411 245
2412 249
2413 231
2414 248
2415 202
2416 243
2417 233
2418 235
2419 226
2420 230
2421 234
2422 222
2423 207
2424 238
2425 213
2426 235
2427 231
2428 258
2429 266
2430 256
2431 245
2432 222
2433 228
2434 214
2435 246
2436 238
2437 221
2438 211
2439 245
2440 236
2441 215
2442 234
2443 223
2444 233
2445 213
2446 199
2447 238
2448 212
2449 239
2450 233
2451 221
2452 230
2453 245
2454 243
2455 238
2456 246
2457 227
2458 244
2459 213
2460 243
2461 231
2462 223
2463 220
2464 207
2465 226
2466 246
2467 248
2468 242
2469 247
2470 230
2471 219
2472 221
2473 222
2474 212
2475 234
2476 235
2477 229
2478 211
2479 216
2480 225
2481 213
2482 194
2483 205
2484 217
2485 241
2486 205
2487 215
2488 208
2489 204
2490 228
2491 219
2492 209
2493 216
2494 238
2495 231
2496 209
2497 196
2498 236
2499 214
2500 220
2501 214
2502 214
2503 223
2504 223
2505 233
2506 226
2507 220
2508 205
2509 189
2510 241
2511 191
2512 215
2513 204
2514 222
2515 212
2516 195
2517 210
2518 231
2519 220
2520 229
2521 208
2522 230
2523 219
2524 210
2525 236
2526 231
2527 197
2528 222
2529 225
2530 185
2531 236
2532 224
2533 198
2534 215
2535 209
2536 211
2537 187
2538 198
2539 209
2540 191
2541 231
2542 205
2543 202
2544 226
2545 202
2546 203
2547 202
2548 203
2549 219
2550 231
2551 204
2552 241
2553 205
2554 206
2555 194
2556 206
2557 193
2558 215
2559 218
2560 217
2561 193
2562 211
2563 207
2564 199
2565 219
2566 211
2567 222
2568 196
2569 223
2570 183
2571 197
2572 194
2573 227
2574 215
2575 212
2576 203
2577 197
2578 232
2579 205
2580 219
2581 225
2582 196
2583 211
2584 212
2585 199
2586 192
2587 190
2588 210
2589 199
2590 221
2591 193
2592 214
2593 224
2594 217
2595 227
2596 209
2597 230
2598 190
2599 187
2600 201
2601 201
2602 211
2603 207
2604 192
2605 192
2606 182
2607 242
2608 218
2609 191
2610 213
2611 215
2612 193
2613 196
2614 188
2615 197
2616 194
2617 222
2618 213
2619 221
2620 200
2621 209
2622 219
2623 238
2624 201
2625 202
2626 205
2627 184
2628 210
2629 223
2630 223
2631 188
2632 205
2633 187
2634 204
2635 191
2636 191
2637 213
2638 204
2639 224
2640 239
2641 207
2642 225
2643 185
2644 221
2645 233
2646 195
2647 221
2648 212
2649 224
2650 189
2651 199
2652 203
2653 190
2654 221
2655 198
2656 219
2657 177
2658 195
2659 208
2660 186
2661 205
2662 180
2663 197
2664 209
2665 214
2666 205
2667 192
2668 191
2669 223
2670 197
2671 187
2672 224
2673 195
2674 186
2675 220
2676 181
2677 181
2678 209
2679 199
2680 203
2681 182
2682 162
2683 198
2684 206
2685 218
2686 193
2687 187
2688 198
2689 183
2690 188
2691 189
2692 177
2693 205
2694 219
2695 226
2696 209
2697 195
2698 190
2699 190
2700 192
2701 211
2702 214
2703 168
2704 202
2705 206
2706 214
2707 201
2708 200
2709 174
2710 190
2711 157
2712 207
2713 177
2714 177
2715 208
2716 183
2717 180
2718 189
2719 197
2720 207
2721 170
2722 213
2723 198
2724 168
2725 205
2726 196
2727 170
2728 166
2729 202
2730 177
2731 184
2732 234
2733 208
2734 218
2735 191
2736 171
2737 199
2738 179
2739 185
2740 213
2741 178
2742 184
2743 187
2744 179
2745 167
2746 179
2747 180
2748 187
2749 178
2750 169
2751 173
2752 191
2753 178
2754 166
2755 159
2756 184
2757 198
2758 166
2759 176
2760 177
2761 174
2762 176
2763 161
2764 170
2765 179
2766 172
2767 178
2768 178
2769 179
2770 179
2771 187
2772 205
2773 197
2774 181
2775 181
2776 178
2777 201
2778 192
2779 207
2780 183
2781 154
2782 161
2783 187
2784 188
2785 204
2786 182
2787 162
2788 179
2789 180
2790 143
2791 166
2792 179
2793 156
2794 171
2795 184
2796 183
2797 157
2798 158
2799 180
2800 168
2801 164
2802 195
2803 199
2804 200
2805 166
2806 146
2807 153
2808 165
2809 154
2810 178
2811 171
2812 156
2813 168
2814 172
2815 165
2816 163
2817 160
2818 139
2819 146
2820 153
2821 172
2822 173
2823 186
2824 169
2825 162
2826 194
2827 143
2828 176
2829 152
2830 158
2831 185
2832 169
2833 158
2834 182
2835 169
2836 170
2837 177
2838 179
2839 163
2840 152
2841 156
2842 154
2843 152
2844 169
2845 159
2846 177
2847 150
2848 163
2849 164
2850 184
2851 178
2852 147
2853 148
2854 170
2855 178
2856 148
2857 162
2858 159
2859 158
2860 167
2861 167
2862 151
2863 150
2864 161
2865 144
2866 144
2867 161
2868 160
2869 149
2870 137
2871 135
2872 132
2873 133
2874 164
2875 154
2876 155
2877 154
2878 163
2879 158
2880 184
2881 154
2882 154
2883 149
2884 165
2885 164
2886 159
2887 155
2888 138
2889 144
2890 155
2891 165
2892 130
2893 168
2894 155
2895 146
2896 154
2897 156
2898 145
2899 141
2900 145
2901 166
2902 144
2903 144
2904 142
2905 172
2906 133
2907 148
2908 142
2909 140
2910 159
2911 150
2912 148
2913 145
2914 147
2915 151
2916 168
2917 161
2918 152
2919 147
2920 178
2921 161
2922 143
2923 167
2924 144
2925 145
2926 123
2927 153
2928 160
2929 161
2930 148
2931 144
2932 144
2933 143
2934 160
2935 148
2936 159
2937 126
2938 136
2939 156
2940 154
2941 145
2942 159
2943 131
2944 147
2945 140
2946 181
2947 152
2948 154
2949 152
2950 166
2951 153
2952 124
2953 138
2954 150
2955 150
2956 131
2957 134
2958 155
2959 125
2960 163
2961 150
2962 138
2963 151
2964 141
2965 146
2966 143
2967 130
2968 148
2969 165
2970 157
2971 139
2972 142
2973 159
2974 153
2975 158
2976 140
2977 123
2978 141
2979 150
2980 155
2981 152
2982 142
2983 123
2984 137
2985 139
2986 166
2987 144
2988 154
2989 143
2990 152
2991 135
2992 143
2993 143
2994 165
2995 137
2996 152
2997 165
2998 165
2999 130
3000 132
3001 160
3002 136
3003 138
3004 172
3005 149
3006 175
3007 120
3008 133
3009 149
3010 135
3011 154
3012 162
3013 146
3014 143
3015 125
3016 121
3017 141
3018 127
3019 147
3020 147
3021 142
3022 139
3023 144
3024 148
3025 143
3026 136
3027 147
3028 130
3029 153
3030 139
3031 136
3032 162
3033 132
3034 155
3035 148
3036 141
3037 144
3038 140
3039 141
3040 136
3041 160
3042 152
3043 152
3044 126
3045 141
3046 138
3047 150
3048 143
3049 146
3050 136
3051 141
3052 127
3053 136
3054 142
3055 144
3056 138
3057 146
3058 144
3059 150
3060 143
3061 131
3062 134
3063 149
3064 147
3065 141
3066 157
3067 125
3068 126
3069 123
3070 131
3071 141
3072 150
3073 120
3074 124
3075 138
3076 146
3077 128
3078 133
3079 143
3080 135
3081 141
3082 145
3083 153
3084 128
3085 150
3086 162
3087 163
3088 135
3089 148
3090 151
3091 127
3092 162
3093 123
3094 131
3095 146
3096 143
3097 133
3098 144
3099 150
3100 134
3101 140
3102 141
3103 121
3104 146
3105 135
3106 146
3107 146
3108 162
3109 136
3110 138
3111 133
3112 125
3113 123
3114 135
3115 128
3116 146
3117 141
3118 122
3119 130
3120 127
3121 137
3122 147
3123 127
3124 114
3125 148
3126 140
3127 146
3128 118
3129 119
3130 148
3131 136
3132 116
3133 139
3134 120
3135 124
3136 161
3137 128
3138 140
3139 120
3140 136
3141 136
3142 131
3143 135
3144 131
3145 131
3146 109
3147 151
3148 122
3149 120
3150 131
3151 106
3152 131
3153 122
3154 118
3155 137
3156 143
3157 124
3158 133
3159 132
3160 123
3161 143
3162 137
3163 143
3164 161
3165 121
3166 117
3167 127
3168 143
3169 140
3170 131
3171 106
3172 142
3173 131
3174 149
3175 132
3176 140
3177 115
3178 133
3179 130
3180 122
3181 122
3182 125
3183 140
3184 136
3185 155
3186 125
3187 123
3188 109
3189 137
3190 131
3191 129
3192 154
3193 122
3194 134
3195 146
3196 136
3197 139
3198 128
3199 151
3200 126
3201 137
3202 142
3203 134
3204 120
3205 148
3206 136
3207 135
3208 139
3209 113
3210 139
3211 127
3212 124
3213 126
3214 121
3215 131
3216 148
3217 132
3218 125
3219 147
3220 143
3221 125
3222 131
3223 133
3224 143
3225 137
3226 143
3227 149
3228 132
3229 142
3230 125
3231 138
3232 155
3233 155
3234 142
3235 149
3236 121
3237 121
3238 125
3239 162
3240 130
3241 154
3242 138
3243 137
3244 129
3245 136
3246 131
3247 123
3248 131
3249 144
3250 127
3251 147
3252 132
3253 138
3254 127
3255 131
3256 144
3257 140
3258 112
3259 126
3260 140
3261 148
3262 107
3263 137
3264 117
3265 132
3266 142
3267 142
3268 124
3269 129
3270 126
3271 123
3272 134
3273 116
3274 121
3275 144
3276 120
3277 125
3278 147
3279 126
3280 127
3281 109
3282 133
3283 154
3284 136
3285 120
3286 120
3287 126
3288 114
3289 139
3290 122
3291 119
3292 132
3293 131
3294 122
3295 129
3296 124
3297 133
3298 128
3299 127
3300 134
3301 125
3302 115
3303 130
3304 107
3305 122
3306 129
3307 121
3308 136
3309 132
3310 136
3311 128
3312 106
3313 136
3314 145
3315 129
3316 141
3317 133
3318 104
3319 137
3320 124
3321 134
3322 114
3323 131
3324 113
3325 122
3326 124
3327 131
3328 132
3329 112
3330 119
3331 132
3332 121
3333 94
3334 145
3335 118
3336 134
3337 107
3338 100
3339 117
3340 118
3341 117
3342 128
3343 128
3344 112
3345 126
3346 125
3347 112
3348 117
3349 142
3350 126
3351 114
3352 127
3353 126
3354 125
3355 121
3356 128
3357 142
3358 101
3359 124
3360 122
3361 106
3362 134
3363 117
3364 128
3365 134
3366 135
3367 125
3368 125
3369 117
3370 103
3371 128
3372 124
3373 121
3374 124
3375 109
3376 127
3377 129
3378 123
3379 125
3380 110
3381 114
3382 129
3383 128
3384 135
3385 116
3386 126
3387 120
3388 125
3389 139
3390 116
3391 119
3392 128
3393 109
3394 120
3395 139
3396 130
3397 129
3398 111
3399 113
3400 138
3401 126
3402 127
3403 130
3404 142
3405 108
3406 126
3407 130
3408 120
3409 126
3410 126
3411 122
3412 130
3413 111
3414 118
3415 145
3416 112
3417 115
3418 121
3419 125
3420 124
3421 127
3422 124
3423 106
3424 109
3425 108
3426 132
3427 135
3428 115
3429 116
3430 117
3431 120
3432 123
3433 122
3434 113
3435 136
3436 117
3437 107
3438 101
3439 121
3440 118
3441 124
3442 107
3443 115
3444 122
3445 133
3446 120
3447 95
3448 122
3449 114
3450 128
3451 104
3452 116
3453 130
3454 106
3455 123
3456 113
3457 131
3458 114
3459 117
3460 106
3461 117
3462 138
3463 129
3464 131
3465 111
3466 104
3467 117
3468 124
3469 122
3470 117
3471 127
3472 120
3473 128
3474 101
3475 114
3476 117
3477 102
3478 111
3479 105
3480 124
3481 118
3482 117
3483 120
3484 122
3485 121
3486 100
3487 117
3488 108
3489 108
3490 116
3491 116
3492 119
3493 132
3494 114
3495 125
3496 125
3497 112
3498 130
3499 126
3500 114
3501 114
3502 104
3503 99
3504 111
3505 124
3506 99
3507 108
3508 121
3509 121
3510 93
3511 107
3512 125
3513 105
3514 92
3515 104
3516 107
3517 112
3518 103
3519 98
3520 102
3521 97
3522 115
3523 96
3524 102
3525 111
3526 100
3527 86
3528 106
3529 109
3530 116
3531 102
3532 107
3533 103
3534 108
3535 94
3536 98
3537 103
3538 109
3539 110
3540 93
3541 106
3542 106
3543 100
3544 102
3545 113
3546 98
3547 91
3548 98
3549 104
3550 103
3551 108
3552 104
3553 117
3554 90
3555 108
3556 104
3557 105
3558 106
3559 130
3560 116
3561 111
3562 101
3563 107
3564 101
3565 113
3566 106
3567 109
3568 131
3569 115
3570 82
3571 107
3572 122
3573 130
3574 128
3575 103
3576 103
3577 120
3578 94
3579 116
3580 103
3581 94
3582 118
3583 107
3584 118
3585 105
3586 107
3587 87
3588 110
3589 117
3590 110
3591 119
3592 98
3593 114
3594 97
3595 100
3596 98
3597 104
3598 97
3599 109
3600 86
3601 120
3602 123
3603 128
3604 109
3605 108
3606 103
3607 104
3608 105
3609 106
3610 103
3611 110
3612 120
3613 106
3614 101
3615 119
3616 96
3617 125
3618 112
3619 118
3620 110
3621 98
3622 102
3623 113
3624 130
3625 110
3626 92
3627 101
3628 112
3629 86
3630 113
3631 103
3632 116
3633 90
3634 98
3635 113
3636 120
3637 102
3638 96
3639 98
3640 99
3641 106
3642 100
3643 93
3644 107
3645 120
3646 107
3647 107
3648 113
3649 104
3650 110
3651 115
3652 125
3653 121
3654 105
3655 107
3656 107
3657 105
3658 74
3659 109
3660 90
3661 100
3662 105
3663 108
3664 112
3665 92
3666 111
3667 97
3668 115
3669 93
3670 125
3671 98
3672 123
3673 112
3674 104
3675 89
3676 91
3677 95
3678 107
3679 114
3680 117
3681 99
3682 94
3683 114
3684 99
3685 104
3686 91
3687 115
3688 95
3689 112
3690 85
3691 103
3692 96
3693 76
3694 95
3695 125
3696 104
3697 109
3698 104
3699 103
3700 88
3701 115
3702 104
3703 106
3704 88
3705 85
3706 94
3707 91
3708 113
3709 96
3710 110
3711 90
3712 87
3713 96
3714 100
3715 89
3716 124
3717 105
3718 95
3719 106
3720 96
3721 106
3722 111
3723 92
3724 92
3725 88
3726 94
3727 97
3728 93
3729 97
3730 104
3731 101
3732 113
3733 83
3734 97
3735 95
3736 119
3737 111
3738 77
3739 111
3740 88
3741 90
3742 102
3743 89
3744 100
3745 105
3746 98
3747 105
3748 93
3749 97
3750 103
3751 97
3752 106
3753 105
3754 111
3755 89
3756 97
3757 106
3758 93
3759 94
3760 94
3761 89
3762 78
3763 79
3764 80
3765 121
3766 99
3767 91
3768 101
3769 94
3770 106
3771 84
3772 89
3773 79
3774 92
3775 90
3776 76
3777 88
3778 86
3779 103
3780 94
3781 93
3782 84
3783 108
3784 108
3785 93
3786 92
3787 88
3788 85
3789 90
3790 95
3791 84
3792 100
3793 86
3794 95
3795 76
3796 106
3797 70
3798 90
3799 98
3800 96
3801 86
3802 83
3803 99
3804 83
3805 81
3806 80
3807 75
3808 82
3809 84
3810 89
3811 81
3812 88
3813 91
3814 88
3815 83
3816 90
3817 76
3818 73
3819 85
3820 83
3821 96
3822 80
3823 88
3824 93
3825 90
3826 89
3827 72
3828 96
3829 90
3830 100
3831 86
3832 103
3833 87
3834 99
3835 89
3836 101
3837 98
3838 75
3839 73
3840 90
3841 82
3842 90
3843 110
3844 77
3845 88
3846 92
3847 92
3848 86
3849 108
3850 92
3851 92
3852 95
3853 92
3854 89
3855 91
3856 85
3857 76
3858 89
3859 81
3860 89
3861 101
3862 72
3863 90
3864 95
3865 102
3866 77
3867 84
3868 78
3869 79
3870 84
3871 90
3872 79
3873 98
3874 76
3875 71
3876 90
3877 91
3878 79
3879 93
3880 94
3881 73
3882 100
3883 94
3884 100
3885 86
3886 97
3887 91
3888 86
3889 84
3890 93
3891 79
3892 79
3893 78
3894 88
3895 77
3896 97
3897 87
3898 86
3899 77
3900 77
3901 87
3902 78
3903 82
3904 83
3905 69
3906 90
3907 91
3908 93
3909 76
3910 95
3911 84
3912 91
3913 82
3914 79
3915 93
3916 81
3917 96
3918 102
3919 96
3920 88
3921 73
3922 87
3923 76
3924 76
3925 89
3926 78
3927 90
3928 80
3929 84
3930 94
3931 106
3932 74
3933 74
3934 95
3935 83
3936 76
3937 83
3938 82
3939 78
3940 102
3941 93
3942 96
3943 76
3944 83
3945 80
3946 86
3947 95
3948 94
3949 79
3950 93
3951 77
3952 88
3953 93
3954 106
3955 86
3956 88
3957 97
3958 63
3959 79
3960 70
3961 75
3962 88
3963 81
3964 82
3965 79
3966 70
3967 70
3968 92
3969 93
3970 84
3971 94
3972 85
3973 64
3974 93
3975 79
3976 80
3977 88
3978 80
3979 91
3980 90
3981 90
3982 81
3983 85
3984 77
3985 75
3986 82
3987 78
3988 74
3989 82
3990 88
3991 89
3992 56
3993 75
3994 79
3995 90
3996 79
3997 83
3998 92
3999 90
4000 95
4001 74
4002 100
4003 88
4004 88
4005 77
4006 92
4007 87
4008 68
4009 74
4010 76
4011 96
4012 72
4013 88
4014 80
4015 67
4016 85
4017 76
4018 83
4019 68
4020 78
4021 66
4022 78
4023 73
4024 78
4025 72
4026 75
4027 91
4028 67
4029 67
4030 73
4031 106
4032 82
4033 84
4034 80
4035 71
4036 77
4037 82
4038 82
4039 91
4040 74
4041 78
4042 89
4043 80
4044 101
4045 82
4046 84
4047 82
4048 68
4049 91
4050 79
4051 67
4052 80
4053 78
4054 73
4055 71
4056 85
4057 69
4058 67
4059 60
4060 80
4061 78
4062 78
4063 64
4064 89
4065 70
4066 67
4067 107
4068 86
4069 91
4070 68
4071 82
4072 85
4073 79
4074 83
4075 74
4076 66
4077 72
4078 73
4079 76
4080 82
4081 77
4082 68
4083 89
4084 71
4085 78
4086 88
4087 69
4088 77
4089 85
4090 69
4091 55
4092 85
4093 77
4094 70
4095 78
4096 76
4097 70
4098 86
4099 81
4100 83
4101 86
4102 67
4103 92
4104 75
4105 82
4106 80
4107 64
4108 75
4109 94
4110 75
4111 81
4112 83
4113 81
4114 86
4115 87
4116 81
4117 80
4118 65
4119 80
4120 69
4121 79
4122 96
4123 80
4124 85
4125 80
4126 76
4127 79
4128 68
4129 74
4130 86
4131 88
4132 79
4133 75
4134 66
4135 72
4136 80
4137 75
4138 83
4139 71
4140 80
4141 70
4142 76
4143 85
4144 68
4145 67
4146 71
4147 82
4148 74
4149 75
4150 68
4151 70
4152 81
4153 84
4154 62
4155 85
4156 75
4157 82
4158 76
4159 85
4160 64
4161 79
4162 77
4163 86
4164 80
4165 67
4166 72
4167 71
4168 77
4169 57
4170 82
4171 68
4172 97
4173 72
4174 68
4175 66
4176 77
4177 66
4178 74
4179 75
4180 75
4181 78
4182 95
4183 66
4184 83
4185 64
4186 70
4187 73
4188 75
4189 66
4190 64
4191 60
4192 69
4193 67
4194 68
4195 87
4196 66
4197 75
4198 59
4199 69
4200 76
4201 75
4202 70
4203 90
4204 85
4205 67
4206 84
4207 77
4208 73
4209 72
4210 80
4211 68
4212 73
4213 74
4214 76
4215 68
4216 67
4217 67
4218 67
4219 79
4220 80
4221 62
4222 71
4223 86
4224 77
4225 81
4226 76
4227 83
4228 56
4229 82
4230 82
4231 82
4232 69
4233 58
4234 79
4235 69
4236 54
4237 61
4238 78
4239 62
4240 64
4241 61
4242 71
4243 76
4244 69
4245 76
4246 67
4247 64
4248 72
4249 73
4250 60
4251 69
4252 72
4253 57
4254 74
4255 65
4256 58
4257 69
4258 77
4259 75
4260 77
4261 66
4262 76
4263 68
4264 57
4265 72
4266 73
4267 69
4268 63
4269 79
4270 64
4271 74
4272 73
4273 71
4274 71
4275 69
4276 73
4277 74
4278 90
4279 73
4280 72
4281 66
4282 48
4283 64
4284 60
4285 68
4286 66
4287 77
4288 54
4289 68
4290 76
4291 59
4292 78
4293 67
4294 53
4295 73
4296 73
4297 70
4298 70
4299 80
4300 58
4301 55
4302 77
4303 82
4304 78
4305 76
4306 85
4307 80
4308 58
4309 82
4310 67
4311 75
4312 72
4313 67
4314 63
4315 85
4316 68
4317 75
4318 78
4319 58
4320 71
4321 65
4322 62
4323 64
4324 76
4325 66
4326 74
4327 75
4328 70
4329 69
4330 69
4331 70
4332 51
4333 92
4334 66
4335 70
4336 62
4337 62
4338 67
4339 59
4340 86
4341 58
4342 57
4343 88
4344 63
4345 78
4346 73
4347 69
4348 70
4349 64
4350 75
4351 59
4352 66
4353 56
4354 60
4355 63
4356 73
4357 67
4358 67
4359 65
4360 52
4361 63
4362 59
4363 63
4364 63
4365 63
4366 80
4367 68
4368 69
4369 62
4370 58
4371 74
4372 65
4373 69
4374 57
4375 59
4376 52
4377 70
4378 72
4379 65
4380 67
4381 56
4382 67
4383 64
4384 67
4385 75
4386 80
4387 69
4388 80
4389 56
4390 61
4391 79
4392 67
4393 72
4394 71
4395 53
4396 67
4397 62
4398 70
4399 60
4400 59
4401 58
4402 59
4403 62
4404 60
4405 63
4406 64
4407 78
4408 58
4409 80
4410 62
4411 62
4412 62
4413 67
4414 75
4415 53
4416 77
4417 50
4418 65
4419 48
4420 76
4421 60
4422 65
4423 60
4424 63
4425 65
4426 53
4427 72
4428 61
4429 61
4430 53
4431 67
4432 68
4433 81
4434 59
4435 70
4436 73
4437 74
4438 62
4439 64
4440 62
4441 87
4442 71
4443 72
4444 54
4445 63
4446 59
4447 58
4448 58
4449 62
4450 56
4451 59
4452 65
4453 57
4454 67
4455 61
4456 63
4457 73
4458 76
4459 64
4460 65
4461 51
4462 69
4463 71
4464 74
4465 60
4466 61
4467 56
4468 64
4469 68
4470 65
4471 62
4472 81
4473 68
4474 62
4475 61
4476 45
4477 56
4478 49
4479 67
4480 59
4481 48
4482 77
4483 76
4484 60
4485 62
4486 61
4487 73
4488 57
4489 62
4490 61
4491 68
4492 60
4493 70
4494 67
4495 51
4496 57
4497 45
4498 62
4499 80
4500 72
4501 66
4502 65
4503 68
4504 69
4505 61
4506 57
4507 65
4508 58
4509 71
4510 73
4511 49
4512 65
4513 49
4514 74
4515 57
4516 62
4517 57
4518 65
4519 63
4520 73
4521 85
4522 55
4523 53
4524 62
4525 58
4526 74
4527 72
4528 61
4529 66
4530 62
4531 69
4532 77
4533 58
4534 57
4535 73
4536 72
4537 61
4538 52
4539 55
4540 57
4541 62
4542 92
4543 69
4544 63
4545 67
4546 61
4547 61
4548 56
4549 60
4550 67
4551 68
4552 60
4553 65
4554 68
4555 62
4556 54
4557 64
4558 60
4559 58
4560 67
4561 60
4562 56
4563 66
4564 55
4565 58
4566 50
4567 76
4568 60
4569 50
4570 55
4571 56
4572 59
4573 52
4574 53
4575 67
4576 55
4577 70
4578 47
4579 56
4580 60
4581 68
4582 55
4583 54
4584 57
4585 68
4586 64
4587 59
4588 59
4589 56
4590 58
4591 61
4592 66
4593 73
4594 52
4595 80
4596 57
4597 56
4598 60
4599 56
4600 46
4601 63
4602 56
4603 59
4604 71
4605 55
4606 70
4607 57
4608 67
4609 73
4610 55
4611 63
4612 47
4613 66
4614 55
4615 44
4616 57
4617 54
4618 79
4619 61
4620 52
4621 52
4622 61
4623 59
4624 53
4625 57
4626 60
4627 46
4628 58
4629 59
4630 63
4631 71
4632 67
4633 69
4634 66
4635 63
4636 60
4637 68
4638 52
4639 59
4640 60
4641 65
4642 66
4643 53
4644 57
4645 60
4646 66
4647 68
4648 64
4649 60
4650 56
4651 64
4652 56
4653 55
4654 55
4655 63
4656 67
4657 57
4658 62
4659 68
4660 59
4661 67
4662 66
4663 48
4664 52
4665 60
4666 46
4667 57
4668 48
4669 60
4670 51
4671 87
4672 61
4673 48
4674 68
4675 54
4676 69
4677 57
4678 57
4679 72
4680 69
4681 44
4682 41
4683 60
4684 58
4685 47
4686 67
4687 52
4688 61
4689 61
4690 43
4691 55
4692 70
4693 57
4694 59
4695 59
4696 62
4697 67
4698 67
4699 69
4700 80
4701 60
4702 62
4703 53
4704 70
4705 72
4706 60
4707 70
4708 72
4709 72
4710 65
4711 63
4712 66
4713 66
4714 68
4715 44
4716 60
4717 56
4718 66
4719 52
4720 50
4721 64
4722 53
4723 53
4724 50
4725 54
4726 58
4727 61
4728 76
4729 54
4730 61
4731 59
4732 57
4733 57
4734 56
4735 48
4736 59
4737 66
4738 50
4739 63
4740 54
4741 55
4742 61
4743 48
4744 71
4745 76
4746 59
4747 57
4748 67
4749 65
4750 72
4751 65
4752 63
4753 66
4754 66
4755 72
4756 76
4757 61
4758 61
4759 58
4760 56
4761 58
4762 56
4763 55
4764 64
4765 56
4766 68
4767 68
4768 43
4769 59
4770 59
4771 56
4772 57
4773 67
4774 63
4775 56
4776 55
4777 56
4778 52
4779 73
4780 51
4781 62
4782 64
4783 50
4784 68
4785 69
4786 62
4787 50
4788 56
4789 63
4790 54
4791 61
4792 69
4793 53
4794 62
4795 60
4796 64
4797 65
4798 49
4799 58
4800 67
4801 53
4802 52
4803 59
4804 66
4805 63
4806 60
4807 43
4808 70
4809 66
4810 60
4811 74
4812 52
4813 49
4814 54
4815 61
4816 66
4817 60
4818 63
4819 64
4820 66
4821 49
4822 57
4823 47
4824 64
4825 71
4826 75
4827 66
4828 54
4829 75
4830 53
4831 64
4832 55
4833 50
4834 49
4835 57
4836 63
4837 70
4838 68
4839 58
4840 52
4841 57
4842 63
4843 50
4844 74
4845 63
4846 70
4847 51
4848 70
4849 47
4850 54
4851 47
4852 62
4853 63
4854 58
4855 46
4856 63
4857 59
4858 64
4859 63
4860 47
4861 61
4862 54
4863 48
4864 59
4865 66
4866 62
4867 67
4868 64
4869 71
4870 58
4871 61
4872 67
4873 55
4874 69
4875 57
4876 59
4877 52
4878 67
4879 51
4880 62
4881 63
4882 62
4883 58
4884 66
4885 72
4886 60
4887 54
4888 66
4889 64
4890 65
4891 59
4892 54
4893 60
4894 55
4895 54
4896 57
4897 53
4898 59
4899 45
4900 63
4901 90
4902 50
4903 51
4904 59
4905 63
4906 55
4907 48
4908 68
4909 62
4910 56
4911 64
4912 59
4913 60
4914 57
4915 67
4916 85
4917 70
4918 59
4919 54
4920 75
4921 75
4922 64
4923 58
4924 52
4925 51
4926 65
4927 55
4928 62
4929 62
4930 58
4931 58
4932 71
4933 59
4934 60
4935 68
4936 60
4937 50
4938 65
4939 65
4940 55
4941 46
4942 60
4943 68
4944 59
4945 69
4946 70
4947 67
4948 51
4949 59
4950 76
4951 81
4952 48
4953 71
4954 70
4955 48
4956 53
4957 55
4958 66
4959 54
4960 58
4961 47
4962 48
4963 53
4964 60
4965 73
4966 69
4967 62
4968 58
4969 63
4970 48
4971 59
4972 62
4973 59
4974 50
4975 59
4976 79
4977 63
4978 55
4979 49
4980 72
4981 62
4982 71
4983 62
4984 52
4985 59
4986 55
4987 70
4988 52
4989 67
4990 57
4991 51
4992 53
4993 55
4994 74
4995 63
4996 78
4997 71
4998 53
4999 62
5000 53
5001 47
5002 58
5003 62
5004 62
5005 63
5006 61
5007 54
5008 62
5009 56
5010 55
5011 60
5012 65
5013 74
5014 76
5015 59
5016 60
5017 57
5018 77
5019 54
5020 52
5021 56
5022 58
5023 58
5024 70
5025 56
5026 57
5027 50
5028 69
5029 58
5030 68
5031 66
5032 56
5033 66
5034 58
5035 70
5036 62
5037 58
5038 54
5039 72
5040 70
5041 67
5042 51
5043 64
5044 78
5045 66
5046 62
5047 73
5048 82
5049 65
5050 57
5051 60
5052 66
5053 66
5054 62
5055 51
5056 64
5057 63
5058 60
5059 50
5060 54
5061 73
5062 67
5063 54
5064 58
5065 60
5066 69
5067 61
5068 62
5069 64
5070 56
5071 62
5072 61
5073 66
5074 58
5075 43
5076 58
5077 45
5078 59
5079 58
5080 65
5081 58
5082 57
5083 54
5084 59
5085 49
5086 63
5087 70
5088 66
5089 58
5090 63
5091 74
5092 55
5093 50
5094 71
5095 57
5096 58
5097 62
5098 81
5099 73
5100 73
5101 78
5102 60
5103 50
5104 68
5105 63
5106 62
5107 63
5108 70
5109 68
5110 58
5111 60
5112 65
5113 54
5114 60
5115 74
5116 59
5117 58
5118 80
5119 55
5120 65
5121 62
5122 62
5123 54
5124 50
5125 59
5126 68
5127 68
5128 55
5129 68
5130 67
5131 52
5132 52
5133 51
5134 63
5135 61
5136 65
5137 49
5138 62
5139 60
5140 69
5141 64
5142 64
5143 65
5144 88
5145 54
5146 65
5147 51
5148 52
5149 49
5150 51
5151 66
5152 51
5153 72
5154 56
5155 60
5156 57
5157 70
5158 55
5159 67
5160 66
5161 66
5162 74
5163 56
5164 65
5165 80
5166 63
5167 66
5168 77
5169 65
5170 51
5171 45
5172 57
5173 62
5174 76
5175 60
5176 64
5177 74
5178 71
5179 75
5180 69
5181 61
5182 79
5183 60
5184 68
5185 79
5186 71
5187 49
5188 67
5189 66
5190 77
5191 64
5192 60
5193 73
5194 61
5195 62
5196 66
5197 71
5198 54
5199 68
5200 67
5201 78
5202 71
5203 61
5204 68
5205 69
5206 75
5207 70
5208 80
5209 52
5210 63
5211 78
5212 79
5213 75
5214 77
5215 77
5216 71
5217 73
5218 84
5219 78
5220 66
5221 67
5222 75
5223 48
5224 59
5225 89
5226 61
5227 65
5228 62
5229 69
5230 74
5231 89
5232 69
5233 57
5234 81
5235 55
5236 63
5237 72
5238 74
5239 87
5240 91
5241 58
5242 69
5243 79
5244 67
5245 75
5246 64
5247 82
5248 74
5249 71
5250 64
5251 89
5252 69
5253 71
5254 77
5255 76
5256 68
5257 82
5258 72
5259 79
5260 77
5261 60
5262 71
5263 76
5264 71
5265 74
5266 65
5267 74
5268 61
5269 49
5270 82
5271 79
5272 91
5273 75
5274 87
5275 71
5276 66
5277 59
5278 70
5279 78
5280 83
5281 55
5282 69
5283 68
5284 63
5285 89
5286 79
5287 81
5288 98
5289 55
5290 63
5291 77
5292 84
5293 59
5294 68
5295 84
5296 66
5297 84
5298 80
5299 62
5300 76
5301 83
5302 82
5303 55
5304 76
5305 82
5306 68
5307 70
5308 64
5309 85
5310 72
5311 79
5312 86
5313 62
5314 69
5315 76
5316 78
5317 75
5318 78
5319 79
5320 77
5321 69
5322 73
5323 58
5324 82
5325 65
5326 74
5327 73
5328 57
5329 89
5330 69
5331 80
5332 67
5333 75
5334 67
5335 75
5336 69
5337 80
5338 84
5339 67
5340 73
5341 74
5342 82
5343 65
5344 62
5345 60
5346 59
5347 90
5348 62
5349 74
5350 71
5351 74
5352 62
5353 68
5354 72
5355 82
5356 80
5357 75
5358 60
5359 87
5360 85
5361 69
5362 65
5363 90
5364 60
5365 74
5366 60
5367 84
5368 72
5369 80
5370 76
5371 81
5372 84
5373 71
5374 69
5375 64
5376 68
5377 86
5378 80
5379 67
5380 78
5381 67
5382 77
5383 83
5384 69
5385 74
5386 72
5387 70
5388 68
5389 69
5390 61
5391 86
5392 70
5393 83
5394 75
5395 76
5396 86
5397 55
5398 73
5399 59
5400 75
5401 76
5402 64
5403 62
5404 79
5405 74
5406 67
5407 68
5408 62
5409 73
5410 61
5411 65
5412 65
5413 90
5414 68
5415 74
5416 81
5417 79
5418 92
5419 73
5420 65
5421 73
5422 67
5423 67
5424 78
5425 71
5426 63
5427 64
5428 68
5429 73
5430 77
5431 61
5432 72
5433 84
5434 93
5435 71
5436 78
5437 56
5438 77
5439 65
5440 82
5441 59
5442 89
5443 76
5444 89
5445 65
5446 88
5447 74
5448 74
5449 67
5450 84
5451 66
5452 75
5453 86
5454 62
5455 82
5456 87
5457 86
5458 75
5459 72
5460 86
5461 67
5462 74
5463 73
5464 77
5465 77
5466 81
5467 69
5468 79
5469 77
5470 76
5471 68
5472 86
5473 73
5474 87
5475 95
5476 71
5477 75
5478 84
5479 65
5480 73
5481 76
5482 83
5483 79
5484 80
5485 66
5486 89
5487 80
5488 76
5489 65
5490 76
5491 77
5492 88
5493 76
5494 75
5495 68
5496 80
5497 57
5498 81
5499 66
5500 59
5501 76
5502 69
5503 62
5504 70
5505 68
5506 62
5507 84
5508 68
5509 75
5510 45
5511 87
5512 76
5513 64
5514 78
5515 82
5516 78
5517 78
5518 78
5519 75
5520 79
5521 74
5522 71
5523 81
5524 66
5525 84
5526 79
5527 80
5528 71
5529 85
5530 84
5531 69
5532 57
5533 78
5534 75
5535 82
5536 76
5537 77
5538 71
5539 66
5540 78
5541 79
5542 67
5543 87
5544 56
5545 86
5546 72
5547 77
5548 84
5549 83
5550 90
5551 82
5552 68
5553 78
5554 73
5555 66
5556 74
5557 76
5558 70
5559 91
5560 95
5561 69
5562 65
5563 80
5564 78
5565 93
5566 66
5567 73
5568 93
5569 93
5570 93
5571 80
5572 87
5573 77
5574 71
5575 68
5576 80
5577 73
5578 73
5579 88
5580 77
5581 76
5582 74
5583 70
5584 87
5585 89
5586 77
5587 88
5588 75
5589 88
5590 81
5591 75
5592 71
5593 67
5594 88
5595 83
5596 78
5597 73
5598 72
5599 62
5600 71
5601 75
5602 77
5603 81
5604 70
5605 90
5606 75
5607 82
5608 86
5609 66
5610 64
5611 59
5612 77
5613 81
5614 84
5615 92
5616 77
5617 99
5618 73
5619 78
5620 78
5621 70
5622 70
5623 87
5624 89
5625 78
5626 60
5627 83
5628 77
5629 81
5630 75
5631 79
5632 75
5633 83
5634 77
5635 87
5636 60
5637 65
5638 90
5639 103
5640 87
5641 88
5642 86
5643 80
5644 69
5645 77
5646 69
5647 73
5648 74
5649 91
5650 70
5651 80
5652 85
5653 74
5654 73
5655 76
5656 79
5657 86
5658 78
5659 86
5660 90
5661 91
5662 83
5663 90
5664 74
5665 74
5666 72
5667 90
5668 81
5669 89
5670 81
5671 85
5672 108
5673 84
5674 66
5675 92
5676 92
5677 77
5678 77
5679 85
5680 79
5681 96
5682 89
5683 74
5684 87
5685 75
5686 67
5687 75
5688 83
5689 86
5690 82
5691 88
5692 94
5693 84
5694 79
5695 80
5696 87
5697 87
5698 85
5699 73
5700 99
5701 77
5702 88
5703 88
5704 88
5705 86
5706 100
5707 89
5708 79
5709 82
5710 86
5711 97
5712 85
5713 82
5714 95
5715 87
5716 82
5717 81
5718 71
5719 88
5720 92
5721 86
5722 84
5723 88
5724 92
5725 98
5726 84
5727 83
5728 82
5729 79
5730 80
5731 75
5732 92
5733 102
5734 90
5735 90
5736 111
5737 97
5738 86
5739 85
5740 95
5741 89
5742 105
5743 87
5744 90
5745 95
5746 80
5747 103
5748 98
5749 72
5750 92
5751 103
5752 92
5753 98
5754 94
5755 82
5756 95
5757 97
5758 90
5759 100
5760 92
5761 95
5762 87
5763 89
5764 89
5765 72
5766 97
5767 84
5768 85
5769 98
5770 97
5771 100
5772 102
5773 88
5774 86
5775 83
5776 87
5777 74
5778 85
5779 91
5780 87
5781 98
5782 99
5783 88
5784 94
5785 105
5786 86
5787 99
5788 73
5789 89
5790 90
5791 85
5792 88
5793 110
5794 89
5795 84
5796 92
5797 85
5798 104
5799 90
5800 105
5801 94
5802 89
5803 93
5804 78
5805 87
5806 77
5807 82
5808 82
5809 95
5810 95
5811 98
5812 83
5813 82
5814 109
5815 75
5816 123
5817 89
5818 94
5819 78
5820 97
5821 89
5822 86
5823 86
5824 95
5825 93
5826 85
5827 76
5828 90
5829 104
5830 88
5831 106
5832 106
5833 94
5834 99
5835 94
5836 91
5837 94
5838 77
5839 77
5840 111
5841 95
5842 93
5843 95
5844 95
5845 91
5846 84
5847 97
5848 102
5849 97
5850 107
5851 74
5852 73
5853 99
5854 90
5855 103
5856 101
5857 108
5858 83
5859 86
5860 94
5861 81
5862 98
5863 101
5864 100
5865 100
5866 104
5867 93
5868 112
5869 91
5870 95
5871 99
5872 112
5873 115
5874 93
5875 116
5876 91
5877 105
5878 91
5879 101
5880 96
5881 98
5882 104
5883 92
5884 110
5885 94
5886 95
5887 110
5888 98
5889 102
5890 93
5891 95
5892 85
5893 106
5894 99
5895 107
5896 102
5897 101
5898 114
5899 87
5900 98
5901 98
5902 109
5903 91
5904 117
5905 92
5906 106
5907 116
5908 101
5909 111
5910 88
5911 89
5912 91
5913 84
5914 99
5915 81
5916 94
5917 83
5918 107
5919 96
5920 105
5921 87
5922 92
5923 78
5924 105
5925 101
5926 84
5927 96
5928 113
5929 96
5930 105
5931 92
5932 104
5933 99
5934 74
5935 100
5936 109
5937 93
5938 93
5939 112
5940 108
5941 93
5942 110
5943 97
5944 109
5945 109
5946 91
5947 104
5948 101
5949 123
5950 102
5951 97
5952 101
5953 91
5954 113
5955 90
5956 112
5957 126
5958 104
5959 113
5960 107
5961 102
5962 117
5963 82
5964 115
5965 111
5966 100
5967 90
5968 112
5969 98
5970 101
5971 111
5972 108
5973 102
5974 124
5975 108
5976 108
5977 93
5978 108
5979 122
5980 120
5981 110
5982 104
5983 115
5984 117
5985 106
5986 107
5987 92
5988 113
5989 121
5990 101
5991 107
5992 115
5993 90
5994 116
5995 114
5996 94
5997 110
5998 112
5999 89
6000 101
6001 134
6002 104
6003 112
6004 124
6005 91
6006 77
6007 100
6008 104
6009 134
6010 106
6011 101
6012 95
6013 80
6014 101
6015 120
6016 107
6017 95
6018 94
6019 119
6020 117
6021 117
6022 119
6023 117
6024 110
6025 83
6026 98
6027 99
6028 102
6029 113
6030 125
6031 102
6032 107
6033 103
6034 90
6035 119
6036 103
6037 117
6038 104
6039 108
6040 104
6041 91
6042 99
6043 112
6044 101
6045 107
6046 106
6047 92
6048 104
6049 90
6050 102
6051 103
6052 94
6053 113
6054 115
6055 103
6056 106
6057 107
6058 97
6059 111
6060 108
6061 106
6062 97
6063 95
6064 97
6065 110
6066 96
6067 106
6068 109
6069 117
6070 108
6071 103
6072 131
6073 88
6074 102
6075 86
6076 121
6077 106
6078 100
6079 103
6080 102
6081 81
6082 110
6083 93
6084 93
6085 123
6086 102
6087 99
6088 99
6089 96
6090 122
6091 93
6092 106
6093 118
6094 107
6095 108
6096 98
6097 96
6098 85
6099 119
6100 101
6101 122
6102 104
6103 97
6104 93
6105 96
6106 102
6107 107
6108 112
6109 104
6110 91
6111 98
6112 100
6113 97
6114 96
6115 100
6116 115
6117 107
6118 101
6119 112
6120 98
6121 102
6122 92
6123 115
6124 91
6125 100
6126 119
6127 110
6128 112
6129 104
6130 104
6131 90
6132 85
6133 93
6134 104
6135 91
6136 87
6137 93
6138 117
6139 91
6140 98
6141 107
6142 105
6143 97
6144 104
6145 103
6146 89
6147 93
6148 112
6149 100
6150 98
6151 94
6152 93
6153 101
6154 102
6155 115
6156 104
6157 98
6158 111
6159 118
6160 110
6161 86
6162 107
6163 116
6164 121
6165 108
6166 110
6167 104
6168 103
6169 105
6170 99
6171 107
6172 113
6173 118
6174 100
6175 96
6176 107
6177 99
6178 108
6179 111
6180 109
6181 99
6182 137
6183 114
6184 98
6185 113
6186 95
6187 120
6188 95
6189 116
6190 119
6191 123
6192 110
6193 93
6194 103
6195 108
6196 102
6197 98
6198 112
6199 91
6200 114
6201 104
6202 102
6203 102
6204 105
6205 100
6206 103
6207 107
6208 98
6209 103
6210 104
6211 97
6212 110
6213 108
6214 105
6215 108
6216 92
6217 87
6218 113
6219 101
6220 105
6221 101
6222 91
6223 110
6224 92
6225 102
6226 95
6227 100
6228 96
6229 100
6230 110
6231 114
6232 112
6233 100
6234 112
6235 124
6236 108
6237 104
6238 99
6239 101
6240 92
6241 91
6242 104
6243 112
6244 100
6245 107
6246 89
6247 127
6248 97
6249 96
6250 118
6251 101
6252 118
6253 112
6254 115
6255 112
6256 99
6257 104
6258 98
6259 116
6260 98
6261 98
6262 118
6263 111
6264 113
6265 120
6266 111
6267 104
6268 119
6269 115
6270 123
6271 89
6272 99
6273 100
6274 115
6275 101
6276 128
6277 115
6278 115
6279 102
6280 116
6281 85
6282 106
6283 122
6284 115
6285 117
6286 125
6287 121
6288 113
6289 110
6290 82
6291 119
6292 101
6293 108
6294 108
6295 116
6296 102
6297 125
6298 100
6299 134
6300 114
6301 114
6302 97
6303 115
6304 118
6305 115
6306 126
6307 112
6308 97
6309 109
6310 122
6311 87
6312 107
6313 120
6314 128
6315 99
6316 123
6317 119
6318 132
6319 101
6320 112
6321 122
6322 111
6323 121
6324 101
6325 94
6326 104
6327 119
6328 114
6329 109
6330 108
6331 91
6332 99
6333 104
6334 105
6335 105
6336 102
6337 102
6338 118
6339 109
6340 123
6341 121
6342 100
6343 116
6344 123
6345 126
6346 115
6347 107
6348 98
6349 116
6350 97
6351 96
6352 92
6353 104
6354 113
6355 101
6356 94
6357 92
6358 113
6359 99
6360 93
6361 108
6362 92
6363 99
6364 93
6365 111
6366 123
6367 87
6368 96
6369 109
6370 94
6371 102
6372 111
6373 120
6374 107
6375 112
6376 103
6377 99
6378 117
6379 97
6380 106
6381 108
6382 101
6383 115
6384 101
6385 95
6386 106
6387 116
6388 116
6389 95
6390 102
6391 111
6392 102
6393 91
6394 98
6395 108
6396 93
6397 113
6398 103
6399 113
6400 125
6401 115
6402 111
6403 110
6404 118
6405 99
6406 115
6407 103
6408 115
6409 100
6410 82
6411 107
6412 104
6413 94
6414 114
6415 96
6416 95
6417 109
6418 111
6419 103
6420 112
6421 120
6422 117
6423 102
6424 120
6425 110
6426 103
6427 81
6428 107
6429 104
6430 100
6431 93
6432 115
6433 108
6434 95
6435 113
6436 111
6437 102
6438 103
6439 113
6440 95
6441 104
6442 106
6443 114
6444 98
6445 106
6446 96
6447 94
6448 100
6449 109
6450 95
6451 108
6452 108
6453 92
6454 114
6455 106
6456 85
6457 106
6458 108
6459 98
6460 98
6461 108
6462 105
6463 111
6464 105
6465 90
6466 91
6467 100
6468 108
6469 96
6470 96
6471 110
6472 108
6473 117
6474 96
6475 94
6476 102
6477 90
6478 105
6479 105
6480 94
6481 85
6482 90
6483 118
6484 129
6485 105
6486 106
6487 105
6488 105
6489 120
6490 91
6491 100
6492 108
6493 111
6494 92
6495 105
6496 107
6497 120
6498 101
6499 88
6500 114
6501 100
6502 122
6503 110
6504 98
6505 98
6506 124
6507 86
6508 93
6509 97
6510 96
6511 86
6512 95
6513 107
6514 106
6515 99
6516 100
6517 108
6518 85
6519 92
6520 88
6521 90
6522 100
6523 84
6524 91
6525 104
6526 101
6527 104
6528 101
6529 94
6530 97
6531 99
6532 73
6533 97
6534 91
6535 100
6536 97
6537 102
6538 92
6539 99
6540 73
6541 79
6542 97
6543 79
6544 80
6545 102
6546 75
6547 88
6548 101
6549 90
6550 81
6551 93
6552 87
6553 77
6554 79
6555 104
6556 88
6557 98
6558 96
6559 88
6560 76
6561 78
6562 90
6563 81
6564 74
6565 79
6566 80
6567 93
6568 82
6569 81
6570 81
6571 73
6572 80
6573 93
6574 98
6575 83
6576 80
6577 107
6578 94
6579 84
6580 85
6581 97
6582 93
6583 81
6584 90
6585 81
6586 82
6587 77
6588 87
6589 105
6590 87
6591 86
6592 106
6593 89
6594 95
6595 66
6596 77
6597 92
6598 89
6599 74
6600 89
6601 80
6602 88
6603 88
6604 87
6605 94
6606 85
6607 93
6608 82
6609 70
6610 104
6611 86
6612 88
6613 79
6614 91
6615 79
6616 71
6617 93
6618 88
6619 63
6620 82
6621 90
6622 92
6623 105
6624 71
6625 86
6626 73
6627 75
6628 101
6629 89
6630 81
6631 90
6632 69
6633 94
6634 83
6635 74
6636 69
6637 84
6638 87
6639 78
6640 96
6641 89
6642 87
6643 104
6644 86
6645 85
6646 96
6647 65
6648 99
6649 78
6650 92
6651 92
6652 87
6653 82
6654 99
6655 83
6656 85
6657 88
6658 82
6659 77
6660 86
6661 57
6662 96
6663 91
6664 83
6665 100
6666 119
6667 101
6668 75
6669 91
6670 84
6671 92
6672 92
6673 87
6674 92
6675 80
6676 96
6677 83
6678 93
6679 94
6680 94
6681 67
6682 90
6683 91
6684 65
6685 89
6686 86
6687 83
6688 75
6689 69
6690 91
6691 77
6692 84
6693 93
6694 92
6695 90
6696 76
6697 75
6698 70
6699 90
6700 80
6701 79
6702 77
6703 85
6704 80
6705 79
6706 81
6707 87
6708 88
6709 81
6710 87
6711 74
6712 65
6713 83
6714 81
6715 111
6716 86
6717 79
6718 78
6719 89
6720 75
6721 91
6722 67
6723 90
6724 89
6725 80
6726 74
6727 67
6728 87
6729 81
6730 74
6731 87
6732 70
6733 83
6734 87
6735 86
6736 60
6737 81
6738 72
6739 85
6740 84
6741 88
6742 68
6743 75
6744 75
6745 75
6746 80
6747 102
6748 75
6749 89
6750 70
6751 65
6752 88
6753 85
6754 73
6755 81
6756 85
6757 83
6758 85
6759 86
6760 69
6761 98
6762 89
6763 79
6764 80
6765 66
6766 85
6767 75
6768 92
6769 91
6770 77
6771 73
6772 66
6773 71
6774 97
6775 75
6776 73
6777 70
6778 75
6779 103
6780 72
6781 87
6782 84
6783 69
6784 77
6785 78
6786 77
6787 80
6788 85
6789 90
6790 74
6791 66
6792 84
6793 69
6794 73
6795 73
6796 75
6797 77
6798 73
6799 73
6800 67
6801 76
6802 75
6803 79
6804 72
6805 62
6806 94
6807 83
6808 72
6809 75
6810 70
6811 83
6812 74
6813 64
6814 66
6815 81
6816 75
6817 71
6818 83
6819 72
6820 77
6821 70
6822 66
6823 60
6824 62
6825 81
6826 62
6827 68
6828 73
6829 67
6830 73
6831 74
6832 70
6833 71
6834 81
6835 57
6836 62
6837 77
6838 72
6839 65
6840 76
6841 88
6842 63
6843 62
6844 77
6845 73
6846 61
6847 75
6848 61
6849 95
6850 83
6851 63
6852 74
6853 74
6854 60
6855 73
6856 71
6857 86
6858 68
6859 65
6860 60
6861 65
6862 67
6863 56
6864 65
6865 59
6866 58
6867 85
6868 64
6869 76
6870 73
6871 70
6872 62
6873 63
6874 75
6875 69
6876 71
6877 96
6878 76
6879 53
6880 77
6881 68
6882 72
6883 66
6884 70
6885 61
6886 59
6887 74
6888 70
6889 65
6890 66
6891 75
6892 80
6893 68
6894 70
6895 52
6896 68
6897 81
6898 64
6899 59
6900 67
6901 63
6902 53
6903 56
6904 61
6905 59
6906 76
6907 56
6908 68
6909 52
6910 68
6911 55
6912 49
6913 53
6914 53
6915 54
6916 54
6917 57
6918 55
6919 49
6920 64
6921 70
6922 57
6923 60
6924 52
6925 77
6926 51
6927 60
6928 62
6929 47
6930 60
6931 55
6932 52
6933 51
6934 52
6935 55
6936 51
6937 49
6938 47
6939 66
6940 56
6941 58
6942 65
6943 48
6944 46
6945 57
6946 58
6947 57
6948 63
6949 58
6950 60
6951 55
6952 49
6953 46
6954 45
6955 52
6956 49
6957 67
6958 57
6959 62
6960 57
6961 62
6962 56
6963 37
6964 60
6965 53
6966 59
6967 51
6968 54
6969 46
6970 44
6971 66
6972 50
6973 39
6974 43
6975 45
6976 39
6977 43
6978 59
6979 57
6980 55
6981 58
6982 47
6983 61
6984 46
6985 58
6986 57
6987 59
6988 57
6989 51
6990 57
6991 43
6992 59
6993 38
6994 71
6995 58
6996 52
6997 62
6998 52
6999 54
7000 44
7001 60
7002 52
7003 55
7004 50
7005 49
7006 57
7007 69
7008 59
7009 56
7010 60
7011 42
7012 50
7013 49
7014 47
7015 60
7016 51
7017 47
7018 55
7019 58
7020 52
7021 57
7022 63
7023 42
7024 45
7025 35
7026 56
7027 58
7028 55
7029 53
7030 46
7031 43
7032 52
7033 56
7034 53
7035 53
7036 59
7037 57
7038 53
7039 38
7040 40
7041 61
7042 41
7043 49
7044 50
7045 48
7046 58
7047 63
7048 57
7049 60
7050 49
7051 39
7052 51
7053 44
7054 42
7055 48
7056 56
7057 56
7058 60
7059 44
7060 54
7061 39
7062 59
7063 46
7064 48
7065 41
7066 71
7067 56
7068 48
7069 63
7070 51
7071 55
7072 45
7073 48
7074 58
7075 45
7076 54
7077 45
7078 70
7079 50
7080 44
7081 46
7082 56
7083 55
7084 51
7085 41
7086 40
7087 47
7088 44
7089 54
7090 50
7091 44
7092 45
7093 66
7094 45
7095 55
7096 38
7097 49
7098 49
7099 56
7100 39
7101 53
7102 53
7103 51
7104 56
7105 42
7106 59
7107 55
7108 46
7109 41
7110 54
7111 51
7112 54
7113 48
7114 42
7115 52
7116 48
7117 56
7118 40
7119 55
7120 55
7121 53
7122 45
7123 50
7124 61
7125 49
7126 50
7127 47
7128 53
7129 47
7130 63
7131 48
7132 53
7133 46
7134 54
7135 44
7136 43
7137 51
7138 56
7139 61
7140 74
7141 39
7142 58
7143 46
7144 63
7145 45
7146 49
7147 46
7148 63
7149 52
7150 47
7151 41
7152 43
7153 54
7154 55
7155 56
7156 45
7157 51
7158 42
7159 64
7160 37
7161 58
7162 48
7163 46
7164 49
7165 40
7166 43
7167 45
7168 56
7169 50
7170 37
7171 41
7172 47
7173 51
7174 52
7175 47
7176 43
7177 46
7178 56
7179 43
7180 50
7181 48
7182 40
7183 49
7184 54
7185 42
7186 41
7187 45
7188 44
7189 59
7190 52
7191 46
7192 42
7193 35
7194 47
7195 49
7196 45
7197 64
7198 37
7199 48
7200 41
7201 36
7202 40
7203 51
7204 39
7205 41
7206 38
7207 40
7208 34
7209 55
7210 58
7211 44
7212 35
7213 59
7214 45
7215 58
7216 47
7217 35
7218 47
7219 45
7220 45
7221 43
7222 47
7223 55
7224 40
7225 50
7226 46
7227 44
7228 48
7229 44
7230 55
7231 43
7232 41
7233 38
7234 60
7235 47
7236 45
7237 44
7238 33
7239 45
7240 45
7241 44
7242 25
7243 33
7244 44
7245 47
7246 52
7247 43
7248 52
7249 36
7250 37
7251 39
7252 35
7253 38
7254 41
7255 46
7256 30
7257 30
7258 44
7259 42
7260 38
7261 36
7262 42
7263 39
7264 28
7265 47
7266 36
7267 39
7268 42
7269 36
7270 36
7271 38
7272 33
7273 40
7274 42
7275 49
7276 45
7277 31
7278 47
7279 35
7280 41
7281 30
7282 46
7283 39
7284 46
7285 32
7286 43
7287 44
7288 45
7289 41
7290 53
7291 34
7292 46
7293 37
7294 36
7295 27
7296 35
7297 44
7298 33
7299 45
7300 29
7301 43
7302 25
7303 37
7304 46
7305 54
7306 34
7307 40
7308 46
7309 33
7310 31
7311 42
7312 47
7313 33
7314 50
7315 48
7316 40
7317 32
7318 44
7319 38
7320 44
7321 30
7322 34
7323 51
7324 52
7325 25
7326 48
7327 52
7328 33
7329 35
7330 33
7331 42
7332 32
7333 37
7334 35
7335 26
7336 40
7337 41
7338 44
7339 36
7340 31
7341 51
7342 27
7343 29
7344 38
7345 32
7346 28
7347 32
7348 53
7349 39
7350 48
7351 41
7352 37
7353 33
7354 43
7355 41
7356 28
7357 42
7358 32
7359 34
7360 45
7361 38
7362 39
7363 43
7364 38
7365 42
7366 33
7367 37
7368 37
7369 33
7370 39
7371 43
7372 37
7373 41
7374 43
7375 39
7376 38
7377 51
7378 35
7379 26
7380 37
7381 36
7382 38
7383 36
7384 33
7385 29
7386 43
7387 28
7388 38
7389 34
7390 37
7391 43
7392 46
7393 24
7394 36
7395 32
7396 41
7397 38
7398 41
7399 33
7400 38
7401 30
7402 46
7403 30
7404 36
7405 40
7406 45
7407 49
7408 30
7409 31
7410 34
7411 46
7412 27
7413 34
7414 33
7415 34
7416 40
7417 38
7418 34
7419 31
7420 31
7421 42
7422 28
7423 38
7424 35
7425 35
7426 33
7427 34
7428 26
7429 36
7430 46
7431 39
7432 39
7433 31
7434 32
7435 28
7436 35
7437 41
7438 36
7439 38
7440 35
7441 34
7442 30
7443 38
7444 40
7445 32
7446 31
7447 37
7448 24
7449 35
7450 38
7451 42
7452 31
7453 32
7454 32
7455 27
7456 33
7457 28
7458 39
7459 41
7460 22
7461 44
7462 31
7463 32
7464 28
7465 33
7466 34
7467 35
7468 34
7469 38
7470 38
7471 42
7472 39
7473 29
7474 39
7475 39
7476 35
7477 29
7478 39
7479 21
7480 31
7481 26
7482 33
7483 29
7484 31
7485 44
7486 32
7487 31
7488 37
7489 35
7490 28
7491 31
7492 40
7493 38
7494 27
7495 36
7496 35
7497 28
7498 34
7499 39
7500 33
7501 20
7502 41
7503 28
7504 35
7505 35
7506 27
7507 36
7508 34
7509 38
7510 31
7511 40
7512 20
7513 33
7514 30
7515 26
7516 35
7517 37
7518 39
7519 25
7520 39
7521 32
7522 26
7523 32
7524 20
7525 27
7526 31
7527 34
7528 29
7529 25
7530 28
7531 31
7532 25
7533 30
7534 35
7535 42
7536 31
7537 18
7538 23
7539 36
7540 41
7541 28
7542 32
7543 40
7544 24
7545 28
7546 27
7547 33
7548 28
7549 25
7550 37
7551 42
7552 27
7553 41
7554 21
7555 21
7556 21
7557 27
7558 30
7559 37
7560 30
7561 23
7562 25
7563 22
7564 30
7565 36
7566 34
7567 21
7568 33
7569 29
7570 33
7571 30
7572 21
7573 33
7574 29
7575 32
7576 38
7577 32
7578 36
7579 32
7580 39
7581 19
7582 30
7583 23
7584 33
7585 25
7586 21
7587 35
7588 25
7589 24
7590 32
7591 35
7592 33
7593 23
7594 28
7595 25
7596 35
7597 32
7598 23
7599 30
7600 27
7601 30
7602 35
7603 33
7604 24
7605 38
7606 24
7607 28
7608 29
7609 28
7610 38
7611 26
7612 32
7613 32
7614 23
7615 33
7616 23
7617 29
7618 16
7619 34
7620 24
7621 38
7622 34
7623 34
7624 19
7625 33
7626 37
7627 18
7628 31
7629 27
7630 23
7631 26
7632 26
7633 30
7634 33
7635 18
7636 39
7637 32
7638 37
7639 36
7640 31
7641 16
7642 37
7643 19
7644 33
7645 27
7646 29
7647 31
7648 29
7649 27
7650 31
7651 19
7652 30
7653 18
7654 12
7655 28
7656 34
7657 24
7658 32
7659 26
7660 20
7661 27
7662 23
7663 24
7664 31
7665 19
7666 29
7667 20
7668 28
7669 28
7670 21
7671 16
7672 23
7673 19
7674 27
7675 18
7676 26
7677 27
7678 28
7679 30
7680 21
7681 18
7682 33
7683 32
7684 31
7685 22
7686 28
7687 37
7688 26
7689 31
7690 30
7691 29
7692 15
7693 23
7694 21
7695 24
7696 27
7697 25
7698 28
7699 24
7700 34
7701 27
7702 27
7703 13
7704 24
7705 23
7706 25
7707 33
7708 19
7709 21
7710 28
7711 19
7712 22
7713 27
7714 26
7715 26
7716 21
7717 24
7718 23
7719 25
7720 24
7721 32
7722 20
7723 19
7724 38
7725 31
7726 26
7727 22
7728 27
7729 22
7730 18
7731 16
7732 32
7733 26
7734 28
7735 23
7736 22
7737 24
7738 19
7739 15
7740 30
7741 28
7742 27
7743 27
7744 27
7745 22
7746 23
7747 27
7748 38
7749 28
7750 24
7751 31
7752 33
7753 20
7754 31
7755 24
7756 25
7757 33
7758 29
7759 26
7760 35
7761 23
7762 25
7763 28
7764 35
7765 20
7766 26
7767 17
7768 22
7769 28
7770 20
7771 26
7772 31
7773 29
7774 24
7775 30
7776 19
7777 22
7778 25
7779 23
7780 25
7781 24
7782 30
7783 24
7784 26
7785 32
7786 20
7787 24
7788 24
7789 26
7790 29
7791 32
7792 26
7793 24
7794 21
7795 26
7796 25
7797 24
7798 27
7799 36
7800 31
7801 30
7802 30
7803 24
7804 23
7805 20
7806 27
7807 19
7808 29
7809 30
7810 29
7811 35
7812 21
7813 29
7814 19
7815 23
7816 25
7817 23
7818 28
7819 34
7820 24
7821 27
7822 20
7823 31
7824 22
7825 26
7826 24
7827 20
7828 26
7829 29
7830 22
7831 36
7832 26
7833 28
7834 27
7835 22
7836 29
7837 21
7838 29
7839 25
7840 31
7841 29
7842 22
7843 22
7844 29
7845 22
7846 24
7847 17
7848 22
7849 19
7850 21
7851 28
7852 24
7853 23
7854 22
7855 29
7856 22
7857 23
7858 28
7859 26
7860 26
7861 25
7862 25
7863 20
7864 23
7865 26
7866 30
7867 29
7868 24
7869 24
7870 28
7871 23
7872 29
7873 33
7874 20
7875 21
7876 20
7877 30
7878 22
7879 22
7880 22
7881 19
7882 28
7883 30
7884 26
7885 26
7886 23
7887 23
7888 24
7889 28
7890 21
7891 38
7892 16
7893 28
7894 27
7895 26
7896 29
7897 23
7898 25
7899 30
7900 26
7901 22
7902 33
7903 25
7904 21
7905 31
7906 20
7907 22
7908 16
7909 26
7910 25
7911 22
7912 26
7913 27
7914 22
7915 21
7916 21
7917 19
7918 21
7919 34
7920 21
7921 23
7922 25
7923 28
7924 24
7925 31
7926 25
7927 25
7928 29
7929 22
7930 22
7931 21
7932 18
7933 22
7934 20
7935 11
7936 18
7937 24
7938 18
7939 16
7940 23
7941 24
7942 31
7943 29
7944 11
7945 29
7946 41
7947 16
7948 28
7949 27
7950 14
7951 20
7952 21
7953 26
7954 24
7955 22
7956 22
7957 20
7958 28
7959 26
7960 19
7961 36
7962 27
7963 14
7964 26
7965 21
7966 21
7967 19
7968 21
7969 10
7970 23
7971 21
7972 21
7973 24
7974 14
7975 25
7976 29
7977 15
7978 17
7979 28
7980 14
7981 23
7982 27
7983 23
7984 14
7985 27
7986 30
7987 24
7988 21
7989 20
7990 20
7991 18
7992 20
7993 20
7994 20
7995 20
7996 35
7997 18
7998 15
7999 24
8000 29
8001 25
8002 24
8003 18
8004 20
8005 31
8006 25
8007 13
8008 17
8009 28
8010 23
8011 28
8012 19
8013 27
8014 20
8015 27
8016 17
8017 21
8018 18
8019 18
8020 15
8021 25
8022 25
8023 21
8024 21
8025 27
8026 21
8027 19
8028 28
8029 30
8030 16
8031 18
8032 27
8033 28
8034 16
8035 16
8036 19
8037 24
8038 22
8039 18
8040 20
8041 22
8042 25
8043 18
8044 32
8045 27
8046 22
8047 18
8048 23
8049 29
8050 23
8051 23
8052 19
8053 22
8054 22
8055 25
8056 26
8057 20
8058 30
8059 20
8060 22
8061 23
8062 22
8063 25
8064 27
8065 30
8066 27
8067 21
8068 21
8069 28
8070 22
8071 19
8072 23
8073 20
8074 23
8075 20
8076 22
8077 27
8078 21
8079 22
8080 17
8081 15
8082 23
8083 22
8084 22
8085 23
8086 21
8087 17
8088 19
8089 20
8090 16
8091 12
8092 18
8093 23
8094 22
8095 17
8096 19
8097 18
8098 19
8099 18
8100 15
8101 17
8102 18
8103 18
8104 25
8105 28
8106 27
8107 19
8108 22
8109 22
8110 25
8111 21
8112 17
8113 24
8114 20
8115 14
8116 22
8117 15
8118 22
8119 23
8120 22
8121 20
8122 29
8123 25
8124 21
8125 14
8126 17
8127 15
8128 19
8129 23
8130 14
8131 13
8132 21
8133 20
8134 21
8135 20
8136 10
8137 18
8138 14
8139 28
8140 23
8141 25
8142 25
8143 19
8144 21
8145 21
8146 21
8147 17
8148 21
8149 19
8150 18
8151 17
8152 24
8153 26
8154 20
8155 19
8156 20
8157 25
8158 25
8159 16
8160 23
8161 29
8162 18
8163 19
8164 25
8165 25
8166 24
8167 18
8168 23
8169 23
8170 19
8171 23
8172 23
8173 22
8174 22
8175 31
8176 15
8177 20
8178 22
8179 13
8180 24
8181 20
8182 23
8183 20
8184 16
8185 13
8186 31
8187 19
8188 20
8189 21
8190 21
8191 27
8192 19
8193 12
8194 19
8195 20
8196 21
8197 21
8198 22
8199 15
8200 23
8201 26
8202 24
8203 16
8204 28
8205 21
8206 18
8207 20
8208 22
8209 23
8210 18
8211 22
8212 16
8213 25
8214 28
8215 21
8216 24
8217 24
8218 22
8219 19
8220 23
8221 29
8222 19
8223 28
8224 17
8225 30
8226 26
8227 22
8228 21
8229 21
8230 19
8231 17
8232 26
8233 27
8234 21
8235 23
8236 20
8237 21
8238 33
8239 22
8240 18
8241 24
8242 17
8243 22
8244 20
8245 17
8246 24
8247 23
8248 27
8249 23
8250 24
8251 23
8252 16
8253 13
8254 22
8255 23
8256 23
8257 26
8258 17
8259 17
8260 21
8261 19
8262 28
8263 18
8264 25
8265 27
8266 22
8267 10
8268 26
8269 18
8270 15
8271 24
8272 26
8273 20
8274 26
8275 22
8276 31
8277 25
8278 19
8279 16
8280 20
8281 27
8282 28
8283 18
8284 21
8285 20
8286 16
8287 15
8288 21
8289 14
8290 27
8291 17
8292 28
8293 27
8294 41
8295 26
8296 23
8297 20
8298 18
8299 22
8300 29
8301 21
8302 23
8303 18
8304 21
8305 35
8306 18
8307 28
8308 30
8309 20
8310 29
8311 18
8312 18
8313 27
8314 11
8315 18
8316 20
8317 18
8318 32
8319 18
8320 22
8321 20
8322 23
8323 30
8324 21
8325 19
8326 27
8327 16
8328 20
8329 26
8330 15
8331 21
8332 16
8333 11
8334 26
8335 16
8336 17
8337 33
8338 19
8339 24
8340 23
8341 18
8342 19
8343 21
8344 23
8345 28
8346 23
8347 20
8348 14
8349 25
8350 28
8351 14
8352 29
8353 31
8354 16
8355 24
8356 23
8357 21
8358 17
8359 17
8360 28
8361 24
8362 17
8363 22
8364 21
8365 15
8366 16
8367 23
8368 20
8369 25
8370 18
8371 22
8372 22
8373 13
8374 15
8375 19
8376 25
8377 17
8378 11
8379 22
8380 24
8381 21
8382 18
8383 24
8384 21
8385 17
8386 30
8387 16
8388 22
8389 20
8390 21
8391 27
8392 25
8393 21
8394 22
8395 26
8396 20
8397 19
8398 22
8399 20
8400 14
8401 16
8402 22
8403 26
8404 30
8405 28
8406 19
8407 22
8408 16
8409 19
8410 20
8411 25
8412 21
8413 24
8414 22
8415 26
8416 33
8417 20
8418 16
8419 20
8420 23
8421 25
8422 19
8423 23
8424 27
8425 29
8426 20
8427 23
8428 27
8429 24
8430 23
8431 23
8432 24
8433 21
8434 30
8435 23
8436 28
8437 26
8438 20
8439 27
8440 28
8441 27
8442 23
8443 18
8444 18
8445 24
8446 21
8447 22
8448 23
8449 21
8450 22
8451 16
8452 17
8453 22
8454 29
8455 26
8456 15
8457 31
8458 23
8459 21
8460 20
8461 20
8462 22
8463 21
8464 31
8465 28
8466 27
8467 18
8468 24
8469 27
8470 17
8471 19
8472 40
8473 24
8474 28
8475 28
8476 18
8477 21
8478 23
8479 20
8480 19
8481 13
8482 22
8483 17
8484 19
8485 23
8486 15
8487 22
8488 17
8489 19
8490 25
8491 21
8492 22
8493 33
8494 13
8495 23
8496 26
8497 25
8498 16
8499 16
8500 22
8501 26
8502 19
8503 20
8504 14
8505 19
8506 24
8507 18
8508 23
8509 15
8510 22
8511 17
8512 16
8513 22
8514 21
8515 19
8516 20
8517 15
8518 15
8519 15
8520 19
8521 12
8522 23
8523 18
8524 15
8525 20
8526 27
8527 15
8528 21
8529 21
8530 21
8531 15
8532 18
8533 24
8534 24
8535 13
8536 16
8537 22
8538 29
8539 20
8540 23
8541 16
8542 16
8543 18
8544 25
8545 14
8546 17
8547 23
8548 24
8549 25
8550 28
8551 21
8552 21
8553 8
8554 14
8555 27
8556 21
8557 12
8558 26
8559 19
8560 18
8561 10
8562 23
8563 20
8564 26
8565 17
8566 15
8567 19
8568 23
8569 16
8570 18
8571 23
8572 22
8573 18
8574 20
8575 18
8576 16
8577 31
8578 23
8579 27
8580 20
8581 14
8582 19
8583 22
8584 28
8585 27
8586 23
8587 29
8588 17
8589 18
8590 20
8591 18
8592 29
8593 25
8594 24
8595 23
8596 19
8597 25
8598 15
8599 32
8600 24
8601 23
8602 18
8603 21
8604 18
8605 21
8606 25
8607 21
8608 17
8609 18
8610 22
8611 15
8612 25
8613 27
8614 16
8615 16
8616 24
8617 28
8618 23
8619 14
8620 26
8621 19
8622 22
8623 16
8624 12
8625 25
8626 19
8627 20
8628 25
8629 30
8630 29
8631 23
8632 19
8633 21
8634 24
8635 21
8636 21
8637 19
8638 13
8639 25
8640 19
8641 28
8642 9
8643 12
8644 23
8645 12
8646 30
8647 24
8648 14
8649 20
8650 26
8651 14
8652 19
8653 18
8654 19
8655 22
8656 26
8657 25
8658 18
8659 25
8660 22
8661 22
8662 22
8663 17
8664 18
8665 19
8666 19
8667 21
8668 21
8669 19
8670 28
8671 25
8672 19
8673 22
8674 23
8675 15
8676 29
8677 30
8678 16
8679 19
8680 28
8681 18
8682 23
8683 19
8684 22
8685 27
8686 15
8687 24
8688 22
8689 17
8690 19
8691 18
8692 17
8693 18
8694 20
8695 25
8696 21
8697 19
8698 20
8699 23
8700 20
8701 28
8702 13
8703 24
8704 28
8705 15
8706 21
8707 23
8708 15
8709 15
8710 17
8711 19
8712 28
8713 23
8714 26
8715 21
8716 19
8717 24
8718 20
8719 25
8720 16
8721 25
8722 18
8723 23
8724 17
8725 26
8726 23
8727 22
8728 23
8729 37
8730 19
8731 16
8732 17
8733 21
8734 23
8735 23
8736 29
8737 19
8738 25
8739 27
8740 27
8741 15
8742 19
8743 16
8744 22
8745 19
8746 15
8747 17
8748 24
8749 19
8750 26
8751 20
8752 17
8753 27
8754 32
8755 22
8756 20
8757 23
8758 23
8759 21
8760 14
8761 23
8762 20
8763 21
8764 23
8765 25
8766 21
8767 25
8768 28
8769 30
8770 23
8771 17
8772 34
8773 24
8774 26
8775 13
8776 20
8777 29
8778 28
8779 20
8780 23
8781 30
8782 22
8783 18
8784 26
8785 25
8786 25
8787 20
8788 27
8789 22
8790 19
8791 26
8792 20
8793 19
8794 20
8795 23
8796 22
8797 26
8798 27
8799 26
8800 22
8801 25
8802 20
8803 18
8804 20
8805 27
8806 23
8807 26
8808 16
8809 20
8810 24
8811 20
8812 22
8813 31
8814 37
8815 29
8816 20
8817 27
8818 30
8819 20
8820 15
8821 23
8822 21
8823 25
8824 24
8825 15
8826 32
8827 28
8828 26
8829 26
8830 24
8831 24
8832 29
8833 22
8834 18
8835 24
8836 17
8837 16
8838 19
8839 27
8840 17
8841 24
8842 19
8843 24
8844 19
8845 19
8846 26
8847 24
8848 23
8849 23
8850 35
8851 29
8852 21
8853 20
8854 21
8855 26
8856 29
8857 30
8858 20
8859 25
8860 26
8861 27
8862 18
8863 26
8864 16
8865 29
8866 27
8867 25
8868 20
8869 22
8870 19
8871 27
8872 19
8873 27
8874 21
8875 17
8876 25
8877 18
8878 27
8879 15
8880 22
8881 18
8882 26
8883 26
8884 24
8885 15
8886 11
8887 16
8888 26
8889 33
8890 14
8891 31
8892 26
8893 29
8894 20
8895 14
8896 26
8897 27
8898 18
8899 31
8900 15
8901 23
8902 16
8903 14
8904 23
8905 19
8906 22
8907 17
8908 18
8909 21
8910 22
8911 13
8912 20
8913 17
8914 19
8915 29
8916 20
8917 26
8918 30
8919 19
8920 13
8921 18
8922 17
8923 19
8924 23
8925 21
8926 19
8927 18
8928 13
8929 21
8930 23
8931 30
8932 18
8933 26
8934 26
8935 43
8936 27
8937 21
8938 19
8939 19
8940 21
8941 20
8942 25
8943 20
8944 23
8945 26
8946 24
8947 12
8948 24
8949 17
8950 15
8951 28
8952 19
8953 18
8954 18
8955 25
8956 21
8957 22
8958 27
8959 22
8960 23
8961 17
8962 20
8963 19
8964 21
8965 28
8966 23
8967 27
8968 16
8969 17
8970 21
8971 21
8972 16
8973 27
8974 20
8975 20
8976 13
8977 29
8978 16
8979 26
8980 20
8981 30
8982 22
8983 20
8984 16
8985 21
8986 23
8987 25
8988 19
8989 13
8990 19
8991 14
8992 21
8993 10
8994 25
8995 16
8996 15
8997 19
8998 24
8999 21
9000 16
9001 15
9002 16
9003 21
9004 13
9005 17
9006 21
9007 20
9008 17
9009 27
9010 18
9011 21
9012 26
9013 22
9014 21
9015 29
9016 29
9017 20
9018 24
9019 11
9020 17
9021 21
9022 19
9023 20
9024 23
9025 18
9026 22
9027 29
9028 27
9029 21
9030 18
9031 35
9032 15
9033 23
9034 16
9035 19
9036 26
9037 32
9038 21
9039 34
9040 13
9041 20
9042 21
9043 17
9044 18
9045 27
9046 31
9047 18
9048 24
9049 26
9050 22
9051 19
9052 19
9053 17
9054 29
9055 19
9056 22
9057 33
9058 23
9059 27
9060 23
9061 22
9062 20
9063 20
9064 19
9065 22
9066 27
9067 27
9068 26
9069 19
9070 20
9071 19
9072 24
9073 15
9074 20
9075 19
9076 17
9077 21
9078 15
9079 26
9080 23
9081 19
9082 20
9083 26
9084 19
9085 26
9086 29
9087 23
9088 23
9089 26
9090 25
9091 28
9092 18
9093 21
9094 21
9095 25
9096 17
9097 21
9098 24
9099 27
9100 17
9101 18
9102 15
9103 22
9104 19
9105 15
9106 16
9107 9
9108 14
9109 17
9110 16
9111 14
9112 13
9113 23
9114 16
9115 14
9116 14
9117 11
9118 19
9119 21
9120 11
9121 16
9122 17
9123 23
9124 13
9125 18
9126 21
9127 13
9128 15
9129 18
9130 21
9131 17
9132 16
9133 14
9134 11
9135 26
9136 22
9137 23
9138 21
9139 20
9140 17
9141 17
9142 16
9143 14
9144 20
9145 21
9146 11
9147 20
9148 15
9149 12
9150 13
9151 14
9152 24
9153 22
9154 19
9155 22
9156 19
9157 13
9158 14
9159 20
9160 19
9161 24
9162 19
9163 13
9164 21
9165 17
9166 10
9167 12
9168 19
9169 30
9170 20
9171 13
9172 12
9173 17
9174 20
9175 24
9176 11
9177 19
9178 11
9179 11
9180 17
9181 16
9182 18
9183 9
9184 14
9185 23
9186 22
9187 18
9188 13
9189 15
9190 13
9191 17
9192 20
9193 19
9194 16
9195 14
9196 24
9197 20
9198 14
9199 16
9200 20
9201 23
9202 23
9203 19
9204 13
9205 22
9206 21
9207 16
9208 13
9209 7
9210 20
9211 17
9212 19
9213 19
9214 17
9215 18
9216 22
9217 20
9218 23
9219 14
9220 15
9221 23
9222 19
9223 19
9224 18
9225 18
9226 22
9227 16
9228 23
9229 15
9230 16
9231 18
9232 21
9233 14
9234 20
9235 18
9236 14
9237 16
9238 19
9239 13
9240 30
9241 20
9242 14
9243 12
9244 12
9245 19
9246 12
9247 18
9248 17
9249 19
9250 22
9251 25
9252 20
9253 21
9254 14
9255 16
9256 21
9257 21
9258 14
9259 20
9260 20
9261 21
9262 17
9263 20
9264 19
9265 18
9266 23
9267 16
9268 15
9269 14
9270 23
9271 21
9272 14
9273 18
9274 25
9275 12
9276 17
9277 22
9278 16
9279 23
9280 30
9281 20
9282 21
9283 25
9284 15
9285 31
9286 17
9287 19
9288 17
9289 25
9290 24
9291 25
9292 28
9293 12
9294 22
9295 13
9296 20
9297 19
9298 17
9299 18
9300 14
9301 18
9302 20
9303 29
9304 20
9305 23
9306 21
9307 14
9308 21
9309 18
9310 14
9311 21
9312 18
9313 22
9314 19
9315 21
9316 26
9317 13
9318 23
9319 19
9320 17
9321 23
9322 14
9323 18
9324 17
9325 16
9326 20
9327 18
9328 16
9329 22
9330 16
9331 21
9332 23
9333 13
9334 10
9335 18
9336 14
9337 22
9338 8
9339 30
9340 17
9341 12
9342 20
9343 17
9344 18
9345 24
9346 13
9347 18
9348 12
9349 12
9350 11
9351 26
9352 19
9353 17
9354 9
9355 26
9356 17
9357 15
9358 19
9359 23
9360 21
9361 15
9362 23
9363 14
9364 20
9365 18
9366 17
9367 11
9368 19
9369 14
9370 14
9371 13
9372 19
9373 14
9374 13
9375 18
9376 20
9377 25
9378 17
9379 21
9380 20
9381 17
9382 19
9383 17
9384 24
9385 15
9386 24
9387 25
9388 21
9389 25
9390 14
9391 13
9392 19
9393 19
9394 19
9395 24
9396 19
9397 22
9398 23
9399 12
9400 20
9401 19
9402 17
9403 17
9404 11
9405 20
9406 17
9407 26
9408 14
9409 23
9410 12
9411 20
9412 19
9413 13
9414 19
9415 5
9416 14
9417 20
9418 23
9419 10
9420 20
9421 18
9422 16
9423 17
9424 17
9425 16
9426 18
9427 14
9428 16
9429 17
9430 27
9431 16
9432 11
9433 18
9434 17
9435 21
9436 15
9437 8
9438 15
9439 21
9440 30
9441 16
9442 18
9443 19
9444 11
9445 21
9446 18
9447 17
9448 20
9449 19
9450 9
9451 11
9452 16
9453 20
9454 22
9455 16
9456 8
9457 21
9458 15
9459 14
9460 16
9461 21
9462 13
9463 13
9464 14
9465 26
9466 22
9467 16
9468 18
9469 19
9470 20
9471 22
9472 13
9473 20
9474 17
9475 21
9476 16
9477 16
9478 19
9479 9
9480 14
9481 22
9482 15
9483 25
9484 19
9485 13
9486 17
9487 19
9488 17
9489 19
9490 18
9491 15
9492 15
9493 17
9494 24
9495 23
9496 14
9497 18
9498 14
9499 18
9500 18
9501 12
9502 17
9503 11
9504 22
9505 12
9506 12
9507 17
9508 10
9509 17
9510 16
9511 12
9512 15
9513 17
9514 13
9515 26
9516 15
9517 18
9518 21
9519 17
9520 13
9521 15
9522 14
9523 13
9524 22
9525 17
9526 19
9527 17
9528 11
9529 9
9530 7
9531 17
9532 17
9533 26
9534 17
9535 8
9536 12
9537 15
9538 20
9539 22
9540 19
9541 17
9542 25
9543 13
9544 23
9545 10
9546 14
9547 22
9548 11
9549 16
9550 18
9551 20
9552 15
9553 18
9554 19
9555 13
9556 16
9557 23
9558 15
9559 12
9560 15
9561 15
9562 15
9563 14
9564 20
9565 17
9566 13
9567 8
9568 22
9569 13
9570 18
9571 17
9572 21
9573 9
9574 16
9575 15
9576 19
9577 18
9578 16
9579 18
9580 26
9581 9
9582 18
9583 22
9584 15
9585 18
9586 16
9587 17
9588 16
9589 20
9590 14
9591 16
9592 17
9593 24
9594 24
9595 23
9596 15
9597 14
9598 22
9599 13
9600 17
9601 21
9602 14
9603 18
9604 11
9605 22
9606 15
9607 13
9608 16
9609 15
9610 19
9611 16
9612 12
9613 17
9614 24
9615 16
9616 25
9617 15
9618 15
9619 14
9620 13
9621 16
9622 15
9623 14
9624 17
9625 22
9626 13
9627 16
9628 10
9629 8
9630 17
9631 20
9632 17
9633 18
9634 24
9635 12
9636 14
9637 9
9638 12
9639 18
9640 20
9641 13
9642 24
9643 16
9644 14
9645 15
9646 16
9647 22
9648 8
9649 13
9650 19
9651 16
9652 19
9653 22
9654 28
9655 14
9656 19
9657 12
9658 14
9659 18
9660 17
9661 14
9662 18
9663 16
9664 17
9665 8
9666 15
9667 23
9668 12
9669 16
9670 18
9671 12
9672 18
9673 16
9674 19
9675 14
9676 22
9677 11
9678 22
9679 13
9680 11
9681 17
9682 17
9683 14
9684 15
9685 11
9686 25
9687 18
9688 11
9689 19
9690 17
9691 19
9692 14
9693 14
9694 19
9695 14
9696 21
9697 10
9698 24
9699 18
9700 11
9701 15
9702 17
9703 14
9704 7
9705 21
9706 15
9707 15
9708 10
9709 10
9710 20
9711 14
9712 12
9713 12
9714 27
9715 20
9716 21
9717 19
9718 13
9719 16
9720 23
9721 14
9722 19
9723 18
9724 13
9725 16
9726 17
9727 19
9728 26
9729 12
9730 15
9731 16
9732 11
9733 14
9734 17
9735 8
9736 15
9737 14
9738 16
9739 9
9740 20
9741 24
9742 18
9743 24
9744 26
9745 19
9746 17
9747 15
9748 13
9749 15
9750 27
9751 18
9752 13
9753 14
9754 16
9755 15
9756 16
9757 18
9758 17
9759 17
9760 14
9761 16
9762 17
9763 17
9764 20
9765 21
9766 19
9767 17
9768 12
9769 12
9770 20
9771 21
9772 23
9773 15
9774 6
9775 18
9776 24
9777 17
9778 15
9779 20
9780 13
9781 10
9782 18
9783 10
9784 14
9785 15
9786 16
9787 18
9788 29
9789 16
9790 23
9791 16
9792 16
9793 14
9794 15
9795 13
9796 16
9797 18
9798 17
9799 20
9800 17
9801 19
9802 15
9803 15
9804 18
9805 12
9806 23
9807 17
9808 17
9809 23
9810 18
9811 13
9812 16
9813 14
9814 14
9815 18
9816 14
9817 11
9818 22
9819 15
9820 18
9821 17
9822 13
9823 18
9824 21
9825 11
9826 17
9827 20
9828 26
9829 20
9830 13
9831 14
9832 23
9833 19
9834 17
9835 21
9836 24
9837 13
9838 19
9839 20
9840 21
9841 20
9842 23
9843 9
9844 16
9845 18
9846 15
9847 12
9848 17
9849 15
9850 17
9851 23
9852 24
9853 12
9854 15
9855 7
9856 23
9857 23
9858 15
9859 18
9860 8
9861 17
9862 10
9863 15
9864 16
9865 19
9866 16
9867 10
9868 20
9869 16
9870 17
9871 17
9872 8
9873 23
9874 15
9875 17
9876 14
9877 15
9878 13
9879 21
9880 12
9881 17
9882 27
9883 10
9884 15
9885 15
9886 17
9887 22
9888 20
9889 12
9890 18
9891 20
9892 22
9893 21
9894 16
9895 18
9896 9
9897 7
9898 17
9899 16
9900 26
9901 16
9902 16
9903 16
9904 11
9905 16
9906 17
9907 16
9908 14
9909 10
9910 9
9911 19
9912 13
9913 14
9914 13
9915 20
9916 18
9917 8
9918 18
9919 13
9920 15
9921 9
9922 11
9923 15
9924 14
9925 17
9926 16
9927 19
9928 16
9929 7
9930 17
9931 10
9932 19
9933 15
9934 24
9935 18
9936 11
9937 9
9938 9
9939 13
9940 14
9941 16
9942 14
9943 14
9944 12
9945 14
9946 10
9947 14
9948 7
9949 19
9950 9
9951 14
9952 16
9953 22
9954 13
9955 17
9956 13
9957 9
9958 16
9959 17
9960 8
9961 13
9962 19
9963 18
9964 18
9965 18
9966 17
9967 12
9968 12
9969 15
9970 12
9971 14
9972 18
9973 16
9974 12
9975 13
9976 12
9977 10
9978 15
9979 19
9980 12
9981 16
9982 10
9983 19
9984 19
9985 17
9986 14
9987 14
9988 9
9989 16
9990 6
9991 12
9992 16
9993 12
9994 18
9995 21
9996 12
9997 21
9998 21
9999 14
10000 14
10001 90664
